0
0
0
0
0
0
0
0
0
0
0
0
0
0
0
0
0
0
0
0
0
0
0
0
0
999
0
0
0
0
0
0
0
0
0
0
0
0
0
0
0
0
0
0
0
1000
0
0
0
0
0
0
0
0
0
0
0
0
0
0
0
0
0
0
0
0
0
0
0
0
0
0
0
0
0
0
0
0
0
0
0
0
998
0
0
0
0
0
0
0
0
0
0
0
0
0
0
0
0
1001
0
0
0
0
0
0
0
0
0
0
0
0
0
0
0
0
0
0
0
0
1001
0
0
0
0
0
0
0
0
0
0
0
1004
0
0
0
0
0
0
0
1000
0
0
0
0
0
0
994
0
0
0
0
0
0
0
1005
0
0
0
0
0
996
0
0
0
0
0
0
997
0
0
0
0
0
0
1001
0
0
0
0
0
0
999
0
0
0
0
0
998
0
0
999
0
1006
0
0
997
0
0
0
0
0
996
0
0
0
0
0
1002
0
0
0
0
1018
0
0
0
980
0
999
0
0
0
0
0
0
0
997
0
0
0
0
1002
0
0
0
998
0
0
0
999
0
0
0
0
0
999
0
0
0
1000
0
0
0
0
980
0
0
0
0
1018
0
0
0
985
0
0
0
0
1014
0
984
996
0
0
0
997
0
0
0
998
0
0
0
0
1009
0
0
997
0
0
0
1015
0
0
0
0
1000
0
0
0
999
0
982
0
0
1006
0
0
0
993
0
0
0
999
0
0
0
999
1001
0
0
0
999
0
0
998
0
1003
0
0
0
1003
0
0
998
0
0
996
0
1019
0
0
999
0
0
999
0
0
982
2002
1002
0
0
992
0
0
1003
0
999
0
0
999
0
999
999
0
2000
0
999
999
1002
1999
0
999
0
0
998
0
0
1000
0
0
0
0
999
0
0
998
0
0
1002
0
999
0
1003
996
997
0
0
1000
0
1002
0
0
995
999
0
998
0
1000
0
0
0
0
0
999
0
0
999
0
1000
0
0
1000
0
2003
1001
1003
0
996
999
999
1004
0
995
0
0
999
0
1000
0
999
0
1002
0
997
0
999
0
998
2005
998
0
997
0
2001
0
999
0
998
999
0
1001
0
1000
0
0
997
0
1001
0
1000
0
0
1000
0
999
0
0
1003
1002
993
1001
1002
2001
997
997
999
0
1000
999
1000
0
1000
0
1003
0
1998
1000
997
1002
0
998
1000
0
998
998
0
999
0
999
1001
997
998
1004
998
0
997
0
1000
0
999
0
1000
999
0
996
0
999
1001
1004
1998
999
999
1000
997
0
997
0
1001
0
1000
0
998
0
1002
0
1000
0
999
0
1001
0
998
0
1000
1002
1003
993
999
1001
0
0
998
0
998
1004
0
996
0
999
0
1000
0
0
998
999
0
1000
1002
3003
995
0
1000
1001
1000
999
0
999
0
999
0
2001
0
999
0
997
0
1002
4002
1000
997
1003
997
999
1001
999
0
999
0
997
0
999
0
1000
1002
2002
1999
999
999
1002
1000
997
0
0
999
0
997
1001
0
998
0
1003
998
9001
2999
1001
0
2000
5005
1996
1997
1000
0
0
997
1002
999
2000
4001
12000
15001
999
12000
1001
2997
2001
12998
1000
1996
1001
5005
1001
1996
998
999
1000
999
1000
1999
1001
2002
997
998
997
0
1001
1001
1999
1000
998
1005
998
0
997
0
0
1001
0
999
1998
1999
999
1000
0
998
0
2001
0
1001
996
0
1000
0
997
0
1001
2005
997
995
1002
1000
997
0
0
1000
1002
997
1004
997
1002
0
1000
999
0
2001
998
997
0
998
1001
2004
4004
997
0
998
1000
0
2999
3002
1998
1999
1999
0
999
998
0
1002
997
0
3999
1997
3003
1996
1000
996
1002
0
1001
997
1000
3004
1000
1997
2004
1995
1999
999
3003
1998
1998
998
4002
1998
1002
1997
1003
1002
995
1999
2999
3005
3996
2000
999
999
997
1003
0
997
999
1003
997
999
1005
1998
2002
1995
1002
997
999
999
0
999
999
1002
998
999
1002
2002
999
1996
1001
1002
997
0
996
1002
997
0
999
1000
999
0
999
1000
0
2010
1995
2000
998
1002
0
1001
997
2001
1999
2999
1004
995
2000
997
997
1002
0
1000
998
999
0
1001
0
1000
1000
997
2007
996
996
1004
1000
998
0
998
999
999
1000
0
999
999
1000
1003
997
1000
2003
996
1000
999
1001
0
0
999
999
1002
1004
995
1005
996
996
0
999
2005
0
1998
1001
998
999
0
1000
1002
998
2003
0
996
1000
1000
2003
1000
0
999
996
2001
997
0
999
1000
999
1001
999
0
0
1000
2003
1001
999
998
1000
999
998
999
0
2001
1000
998
997
999
1000
0
999
1000
1004
1999
1002
996
1000
1000
2000
0
996
999
1004
999
996
0
1002
997
999
1006
999
996
996
997
1001
997
0
1000
999
1000
0
1000
1004
997
1000
1001
2003
0
0
999
999
2003
996
997
1002
0
998
999
1000
0
1000
999
1000
1004
1000
998
999
2004
995
0
995
1004
0
997
0
1000
1002
997
999
0
2006
999
1998
2002
995
999
0
999
1000
999
1000
1000
999
999
1000
1003
993
1002
998
0
998
999
1000
1000
1000
2008
996
1000
999
2000
997
999
1000
1000
999
1000
999
1000
4004
1996
2003
996
997
1000
999
0
1000
999
1004
998
2002
997
1003
998
1004
994
997
1003
998
997
0
0
999
1002
1000
997
999
0
1000
2005
1000
997
1002
998
996
0
999
0
1000
1001
3003
3000
9002
1995
4005
8997
34004
1996
999
1998
2001
3000
2000
5000
2001
2001
1994
2000
2001
1996
1002
2998
1004
997
999
2001
2000
5995
1999
4005
1999
1996
3999
2999
2998
4002
3004
996
3998
2001
995
998
1000
999
1001
4002
1999
2002
1999
996
997
1999
1002
998
1001
2004
1999
2002
996
997
1999
1001
998
1000
999
2006
1994
999
1001
1001
996
997
999
1002
998
999
1001
1001
997
999
2003
1999
1000
1003
996
999
997
1000
999
999
1000
1002
0
998
0
999
2001
996
2005
997
999
0
999
999
1001
997
1000
1000
999
999
1001
2003
997
1002
1020
998
1000
1000
0
999
1000
1000
999
999
1000
985
1998
1996
1008
992
1019
1000
1000
998
1000
999
1000
1000
999
1000
1982
1018
1981
998
1020
999
1000
999
1000
984
1015
1000
1000
1000
1001
1979
1000
999
999
1003
999
999
1000
1000
999
999
1000
2018
0
1984
995
999
2005
1014
983
1016
1000
998
1000
0
999
989
2996
1995
1019
1979
1000
1019
1000
999
1000
1000
1015
999
1000
1979
1000
1004
993
1021
1000
999
979
1021
1000
982
1017
999
1000
999
987
1989
1001
999
1021
1001
999
983
1017
999
1983
998
999
996
2010
1993
3001
1018
998
1000
999
985
1015
999
999
999
1000
1986
2014
986
1013
1000
999
1982
2999
3002
3999
999
2996
2001
1009
989
999
1007
1997
2998
2004
2992
2000
1000
2004
1000
1001
2997
2999
3005
998
998
1000
999
999
2000
3001
3000
1998
996
2019
999
999
1000
999
999
1000
1984
998
2001
997
1017
1000
999
985
1015
999
999
999
1000
1986
2003
1994
3002
996
997
999
1000
999
1000
999
999
2003
1999
2000
999
2003
1000
998
998
1999
1000
999
1000
2017
1984
1014
999
999
1982
1017
1009
990
999
2986
1996
998
1001
998
1998
0
2000
999
0
999
2000
1000
3005
3000
2001
1015
999
1000
998
1000
984
2015
1986
1996
999
1000
1000
2016
999
1000
999
1000
1000
983
1016
2984
2003
1002
1013
1000
1982
1017
999
999
999
1983
0
997
2005
997
999
1000
2016
999
1002
2000
999
1000
999
1001
1978
2001
0
998
1001
2020
999
1000
1000
1999
1000
1978
997
999
1001
2002
998
994
1020
1999
999
1000
999
1985
1999
1995
999
998
2002
1017
999
1000
999
1000
2001
1982
1996
1001
2999
2002
2000
999
999
1000
999
999
1000
0
2000
1979
999
1006
1993
997
999
999
2006
1999
999
2006
1013
999
1000
999
1999
1000
999
1000
1980
999
2000
1007
1992
2021
999
1000
999
1999
1000
1000
1979
1005
1993
1021
1976
1002
997
1999
1000
999
999
1000
2000
2002
1001
2008
1991
2020
1000
1000
1999
1000
999
1978
2005
997
2999
996
998
1999
0
1000
999
2000
1000
999
2002
1001
1999
1997
999
999
999
2000
999
999
2002
2000
1001
4007
994
995
999
999
2003
996
1000
2001
2004
1996
997
999
1999
1000
2000
1000
1000
2003
3000
1999
998
996
999
1002
999
1999
997
999
3008
997
1998
1001
1996
1000
1000
1003
999
1000
1999
1000
3005
996
2002
1997
999
1000
1999
2000
999
2999
3020
1985
2015
999
1999
1000
2000
1979
998
1997
1001
2023
998
1999
999
999
1999
1000
1979
999
2999
1001
2020
999
999
1000
2000
1000
1000
1985
997
2001
999
995
1997
999
1000
1999
1000
1000
2000
2003
3001
3007
2998
2014
1000
2009
1967
998
2001
3001
2006
1016
1998
1001
1997
999
1000
2000
1980
999
2021
998
1000
2000
1000
1000
2002
1000
999
987
1998
1999
1001
1012
2000
1000
999
1986
1015
1999
1000
2980
2002
2003
999
1997
1000
1995
999
1000
999
2002
1998
1000
2002
997
999
1999
2023
999
2000
1000
1978
1007
1993
1006
2013
998
2000
1000
999
2000
999
1980
1000
1001
999
1005
1997
1999
2018
999
1000
1000
999
1981
999
999
1014
1981
2018
1000
1999
1979
2000
2005
2001
1995
999
1000
1999
1000
2000
1998
1005
2998
2003
1996
2002
1002
2001
998
2992
2998
3000
1000
3019
2000
2981
2998
2008
2011
998
1983
1000
1000
2001
1016
2980
2000
2001
1017
1999
999
1000
1999
1000
999
2000
2981
1997
1997
999
1000
1999
1000
999
2000
1000
3004
3020
1999
998
1000
2000
1000
999
1000
2981
997
2002
1995
1000
999
1999
1000
1999
1000
3011
2992
1999
2022
1998
1000
2000
999
2978
2021
1999
1021
1999
998
2000
999
2000
1999
1980
1999
1000
2001
1999
1000
1999
1000
2018
1000
1985
1998
2002
1013
999
2000
999
2000
2000
1000
999
2981
998
2010
1011
1998
1000
2981
2018
999
2981
998
2007
999
1999
1982
1995
999
2000
2003
2004
1014
1998
999
1999
1000
2000
999
1000
1980
2001
2002
1003
2013
1999
980
1996
1000
1999
2002
1001
2000
2019
999
2000
2980
2997
1007
2997
1997
3024
1999
1998
2000
998
999
2979
1000
2005
2015
1984
1995
1999
1000
2000
2002
2000
2014
999
4003
1975
999
2006
994
5003
3001
998
2001
1998
1000
4006
3003
3994
3997
2999
3004
1997
2997
1997
1000
1999
2000
2002
4002
1997
1020
1999
1999
999
999
2000
1000
1983
996
2002
1996
1999
2000
1000
999
1999
4003
4999
1996
998
1999
1000
2008
1997
1998
1998
1999
999
1999
2000
2000
3005
1997
3001
1996
2000
2000
2000
4000
4000
998
1999
2000
2008
2001
2991
2007
1998
2999
3000
2997
2003
4002
999
3000
2995
3006
2994
2000
2001
1994
2002
1002
1998
3999
3999
1998
3001
3002
2998
2998
998
2001
1000
1001
3000
2000
3002
1992
4003
4003
2997
4000
1999
2000
1997
1002
3001
3000
4997
1996
1999
0
1999
4005
3999
1996
1999
2000
2000
3005
3997
3997
1997
1999
2000
2001
5001
2001
998
1999
2001
998
2002
4004
1996
1997
3003
998
3999
4004
1997
3001
1999
2000
999
1000
999
3003
1994
2000
2000
3003
2998
5002
2998
3996
2005
2000
3000
3001
1996
2999
2001
1999
999
2001
1997
3005
1995
2999
997
2001
999
1997
2003
2996
3004
995
3999
3003
1996
5001
2001
1999
998
3004
1997
3004
3999
2999
1995
2001
1996
4003
3000
2998
3000
2001
1998
3003
3999
1997
2005
1998
2000
2000
2998
3000
2999
1996
1997
2000
2006
4000
2999
0
2997
2000
2000
3003
1998
2999
2999
999
1998
0
2000
3001
3000
2001
2000
2000
1999
1999
2000
3001
1997
4999
1996
3999
3006
2997
3994
2005
1998
0
1000
3000
3999
3994
4000
2999
4004
3999
3997
4003
1997
2991
3999
2997
4004
3996
4000
1998
1003
1997
2998
5004
4996
1998
4001
4002
3999
5001
6000
1995
4001
4006
3992
2001
1999
4998
2998
3004
5998
4000
3997
4002
5999
3996
3007
5998
4000
996
996
4000
2001
4003
2998
5003
1995
999
3000
5001
5001
3995
6002
4003
4000
3998
4000
3999
2998
3000
3999
4000
5998
4999
4002
4000
3999
1998
3001
8003
4994
5002
3998
2995
2003
996
1999
4004
5000
3999
3998
1999
5004
3993
4001
2002
5002
2998
3999
2999
6003
3999
1997
1996
2000
2999
6003
4002
2997
6004
4999
3998
7002
3999
4996
6006
5997
4998
5003
3997
5000
2001
1994
4002
998
3003
5005
1993
1999
3001
3000
3998
2999
2002
3002
3998
3994
5000
2999
4003
2000
5005
3996
4000
4002
3997
2002
2000
2001
1999
4000
1994
4002
1997
2002
2005
1998
4002
1992
1999
4004
5001
4001
996
1998
2000
2001
3003
5999
4001
2000
1998
4002
2996
2001
2000
1000
2999
4002
2000
2996
1999
1999
2000
3006
4999
4993
3999
3008
1997
2996
1998
2000
1999
2001
4003
3000
2999
2997
2000
3000
5001
3995
3002
3002
2997
3003
1998
1999
1999
3003
3000
3997
2998
3997
3000
3004
3998
1996
999
2000
2001
1999
4001
4997
4002
3997
4001
4003
999
2000
1999
3003
3003
2994
3998
1998
1998
3003
4004
1996
4000
1997
1999
2000
4002
3999
3002
1999
1998
2001
2998
1997
3000
3995
4005
2998
2999
1998
1999
2000
2000
3000
5000
1998
999
1997
3000
3005
4997
4996
4000
5003
4993
3999
4004
2996
3004
1997
2000
1998
2000
4006
5996
4997
6004
2998
4994
5005
3996
3003
3995
3999
4004
2999
3995
3002
4003
4002
3994
4004
3999
3999
3998
3000
4996
2005
3998
3996
4000
4003
4000
4001
1996
2000
1999
4002
3002
3995
2999
4007
3996
4001
2996
1998
2001
3003
1996
4997
1999
4003
4001
2999
2000
1000
4000
4004
4994
4003
5003
1992
4999
4000
5006
2997
1997
2999
2000
3004
2005
3996
998
1999
3000
1999
5002
5016
4000
3983
2997
5003
1995
2999
2000
6001
2999
2002
2999
1999
2998
3000
3000
2001
1998
1999
6003
9995
8998
4000
2997
2003
2997
3998
3001
2996
2000
4004
3997
1001
3996
2999
5005
3998
4993
5002
5002
6000
1997
1999
4003
4999
3001
1997
1999
7000
5003
3994
5005
3998
3002
3998
7001
4996
2998
1999
2000
4000
3002
1998
1996
3000
2999
4001
5006
3992
5005
5998
3995
3999
3006
2997
2997
3002
998
1999
3004
7007
2987
1999
3000
3007
4995
3996
5003
5002
3993
3999
4004
4001
4000
2000
1999
3000
4997
3002
1996
1999
2000
6006
2996
3001
2000
4999
4999
2000
2999
2000
2999
3000
1996
3003
2995
2000
3000
5002
1999
3002
2995
6003
3000
1999
4993
3002
3000
4000
3000
3996
3999
5002
2002
4999
1995
1999
4004
3999
3002
1995
1000
1998
2001
4001
3999
4997
3004
3998
4997
4999
3004
5001
3994
4999
4005
3998
1998
1998
1999
3000
3003
5000
5000
11001
5001
2998
5000
5001
3997
3999
6000
5002
2998
1997
7000
2999
3000
1999
6001
2999
3999
1998
3998
4005
4002
2998
1999
3000
3002
2995
2997
2001
3003
4004
4995
3001
2996
2998
3006
2997
3998
4001
2997
5003
3998
3000
2996
4004
3997
2998
2999
1999
1999
3003
3998
1002
2994
1999
2000
2999
2005
2998
2999
1996
1999
3000
2004
2998
3003
1995
2997
2000
3997
3007
1999
2000
1000
3000
1980
3019
3000
2000
1982
1999
2001
2005
2991
3021
1999
2000
2000
983
2016
2983
4002
1995
3000
1999
3000
3001
3004
3012
2000
2000
1999
1999
4000
3000
2000
1999
2000
1999
2979
2997
2023
2999
2000
1999
3000
1985
1997
2999
1999
1999
2000
3005
2000
2000
3017
1999
3000
1999
1999
2981
1998
3003
1999
2000
2995
1999
3004
3005
1996
3000
3020
2977
2000
3020
1998
1999
2979
1996
3001
2002
2001
3017
1999
2986
997
2999
2002
3009
1984
1998
3006
2000
3000
3002
3991
5006
7000
4003
7013
3979
1996
3024
2997
2000
1999
2000
1980
2000
3021
3001
2010
1986
2000
2000
2996
3005
3976
1999
2000
5005
4000
3000
2000
3001
2996
4998
3012
1999
2999
3984
3995
2019
3000
1999
1999
4981
2002
3016
2000
2000
3000
3988
1998
3013
2000
2000
3000
2981
3998
2996
1999
2000
3000
3005
3997
2996
1999
2000
1999
4006
3999
1995
1999
2999
4003
4000
2002
2997
2999
3020
4980
2996
1999
2999
3004
3002
3015
2981
1999
2999
3018
3980
2001
3016
2000
999
3985
2999
3000
2013
1999
2000
2000
2983
1999
3019
1998
3000
2000
1999
2000
2983
3021
1999
2985
1993
2999
4001
3003
2992
2023
1999
2999
2985
2999
1997
3006
1999
2013
2980
2999
2019
2986
2014
1999
3000
2980
2005
2996
3018
2000
1999
2979
2999
3003
3017
2000
1999
2000
3979
3001
2019
2999
999
2000
2985
2995
3001
2999
2000
2999
2000
3002
5004
1998
3000
2977
4001
3001
1999
2999
2000
3002
1999
2999
2999
3000
2000
1000
5001
2999
2995
3002
1997
4002
4998
2000
2999
1999
3001
4005
2994
2002
1996
1999
3001
3999
3020
1999
1999
1000
1982
2997
4002
2018
1999
1999
1983
2999
3004
1992
3002
3000
3006
2013
1980
3001
2996
1999
3002
2997
2006
2997
1999
2996
3003
997
2999
5003
2001
4000
1999
1999
4002
3001
3990
2999
2000
3002
3004
3999
2999
2000
3000
3003
4999
2995
3000
2999
5006
2990
2999
2003
2996
3007
4003
2987
1999
3000
1000
3003
2001
3001
2997
2996
2000
4004
2996
3020
1999
2999
999
3988
1995
3016
1999
2983
1999
2000
8018
6999
5982
3004
1995
1000
1999
4000
3995
4025
2999
2999
3978
4021
1998
3000
1999
1980
4000
4004
1996
1999
3000
2995
1001
3001
3022
2999
2979
2996
2001
4001
2997
2999
1023
1999
3000
2980
2019
2999
2001
3001
2000
3999
3999
1999
3000
1998
3000
2985
2998
2998
3016
1999
1999
2981
3005
3015
2998
1999
1999
1980
3000
3003
2997
1000
2999
1999
4007
5016
2981
3002
2993
2997
1997
2998
3000
2999
2001
4000
4022
2996
2999
1999
4000
3999
2000
2999
1999
1988
3994
4001
2998
3001
4001
3997
4005
5011
5982
2003
1994
2000
2999
4005
2998
2018
2999
2999
3001
5002
3014
2999
1000
4986
2993
3019
1999
3000
1999
2984
3000
3998
1999
2999
2018
2981
3999
3000
2999
5002
5998
9021
6991
3987
5999
4000
4002
4000
2996
2999
4018
2000
3982
2996
3004
5001
3016
3000
2999
2981
3001
4015
2979
1999
3002
3000
4001
1997
2997
1999
3008
3993
3001
2997
1999
3000
3003
5001
1995
3000
3000
3005
3997
4996
3001
3003
4001
2997
2996
2000
1999
1000
4001
3001
1997
2999
1999
3003
5004
3017
2999
2000
3000
3985
2997
1999
2999
2000
2000
2995
3000
2999
2999
1000
4028
3004
4016
2999
1999
5986
2998
2997
2999
3995
5023
2984
2997
3019
1999
4000
1998
3000
1999
2986
1996
1999
3004
1995
2018
2999
3000
1999
2980
4000
4001
2994
1999
3002
3006
3014
2981
3018
1999
1979
4021
2977
3022
3000
1999
3980
2999
997
4022
1999
2000
2981
1996
3022
2977
1000
3000
2000
4012
4000
3013
2999
3000
2978
2997
2999
3000
1998
2979
1999
3023
2996
2999
3000
1986
1999
4015
2999
1999
3000
2000
4001
2998
2999
1000
3000
2983
3996
3020
2999
2999
2000
3982
4017
1999
3000
3000
2983
3000
2993
2999
1999
3000
4004
3999
3019
1999
3000
3983
2999
2998
1999
3000
6002
4996
1997
3001
5001
4999
3998
2999
3005
5996
3997
4024
2998
3978
3022
2997
2999
2999
2980
3000
3019
3000
2001
2999
2980
3020
2999
2999
1999
3980
2999
2999
1999
2999
1999
3979
4021
2998
2000
3000
3980
1999
3997
2999
3000
1999
4000
3023
1999
2999
2000
2980
4002
2994
3000
1999
3000
5003
4019
1998
3000
3981
4000
2999
2999
2999
3000
4005
4995
2996
2999
4003
3002
2993
2999
3000
4007
4995
2997
2999
2994
3002
2997
5006
4997
2998
4000
4001
2996
4000
2999
10004
5002
2999
2993
5004
2999
2996
3005
2994
5003
2999
1997
3003
2996
2002
4001
2997
3000
2999
2998
5003
3998
2998
2999
4003
4000
4000
3995
3002
4002
2996
3998
1999
4002
3001
3997
6006
5994
2000
4000
3996
4002
4003
3994
2999
3999
3003
4999
2998
1999
3000
4003
4000
2997
2999
2999
4005
2998
3017
2001
3000
2980
4020
2999
3000
3000
2999
5987
4005
3010
6980
4017
2997
1999
3000
2981
4005
2996
3999
2000
6018
3000
998
3000
1999
3000
3980
2005
2997
2000
4997
4001
4019
2999
2000
2999
3980
3006
3012
3000
2001
2999
2980
3004
3014
3000
2999
4980
3005
2995
2999
3018
2979
4004
1996
3995
3000
4002
3001
4020
2998
3000
2978
1998
3998
3022
1999
3979
3005
1993
4002
2999
3000
3004
3993
2996
2999
3000
4004
4022
2998
3999
2978
2000
5003
6000
10997
2994
3999
6005
4994
3002
4001
5999
7017
4983
10001
10996
5002
3996
4001
6000
2996
2999
4003
4001
3994
3000
3000
4003
4000
2998
2999
5004
4997
3997
4006
4999
4001
2993
3001
3997
4004
3999
2996
4000
2000
4002
2000
2999
4000
3000
4001
3001
3994
2999
3000
4002
3998
2999
2999
2999
5003
3000
3998
2997
4003
2999
3998
2999
2999
3004
5999
2997
1999
3000
4004
4003
3994
3999
3003
3998
3998
2999
3999
5001
2999
3999
2999
2002
3999
4020
3000
2999
3982
2998
2996
2999
2999
3000
4008
3015
3999
2999
3980
2012
1999
3000
3000
6982
6004
3999
3997
3999
3001
4008
4989
6019
3999
5984
4997
4020
3981
4999
7998
6005
8993
6003
6998
5998
5999
6001
2994
6001
5008
3995
3998
3003
5997
3999
5000
2996
8003
5997
6002
5999
3997
2999
6006
4995
2996
2999
4004
3996
1999
2000
4000
4004
4000
2995
3000
3999
3003
4996
3002
2997
4003
4000
2997
1999
3002
3000
5000
2997
1999
3000
4002
4004
2994
3999
3000
4006
2998
3997
2997
2003
5000
3000
2998
2997
1999
4003
4000
3001
3000
7004
3994
3996
4000
4001
4001
4019
5000
2979
3004
3992
3022
2999
2982
3996
3020
4000
3000
2979
6020
3000
1998
2999
2986
4014
2999
2999
2000
2979
5001
3020
2997
2999
3986
2999
4014
2999
2999
3978
4021
2999
4001
2977
3999
3998
1999
2999
3000
3003
3998
3998
3000
3000
6005
3015
2999
1999
4984
2998
3996
2999
3000
4004
3999
3999
4000
4005
4014
3997
1999
3982
3999
3018
2999
1999
2987
3998
3013
3000
2999
2983
3999
3018
3002
2998
3978
2000
3001
3020
2998
3000
4000
2979
3997
2999
4000
4005
4003
3994
3996
2999
4004
4014
2999
3999
4982
4017
4000
2998
3984
3016
4000
2999
2999
4001
4000
4000
2999
3000
3979
6003
2999
2999
5017
4000
3002
2000
3980
5006
3013
2999
3000
2982
3999
3019
1999
2999
3979
4007
4013
1999
3000
3000
5979
3020
3000
3999
4980
3019
2999
4000
3988
3991
2997
2999
3000
4004
4018
2999
2000
3000
3988
2994
4018
2999
3980
2998
1999
3980
3020
3981
2995
2999
5007
4007
3989
2998
2004
4001
5001
4001
998
2999
5999
2996
4000
5002
5997
3000
3019
5983
3013
3999
2999
4986
4014
2999
3000
2000
4000
3999
2999
2000
1999
3000
3980
4022
2999
3999
3987
5013
2999
3000
3000
3995
4020
3000
3000
999
4983
3015
3999
3000
3982
5003
1997
2999
1000
4019
3984
3019
2999
1000
3987
4001
4997
2996
6001
4998
2997
4021
7978
4007
3993
4019
3975
1006
3017
2999
4000
3981
5004
4016
2997
3979
4020
1000
2999
1983
2998
4003
1001
3997
4010
2000
3995
7997
2998
4007
4994
6005
1999
1998
6002
5012
2000
4000
3980
2998
4011
1998
3012
1998
4979
2003
2996
3000
2999
5000
3003
1995
2999
4000
3002
3000
2000
997
4002
3999
3998
2997
3999
3000
5002
3998
1000
2999
3999
6003
3019
3999
3999
3984
4015
3999
2999
3990
5011
999
3000
1999
1999
2985
2996
2020
2998
2000
3984
4996
3001
3998
3000
4004
4015
2998
2999
999
4979
1998
4021
3000
1999
4000
4979
4020
2999
3999
2980
2005
3996
4000
3017
4980
4002
3000
5019
3985
3996
4018
3998
4979
4020
3999
3000
3981
2999
1997
4022
2999
3985
5015
2999
1991
4009
3977
2006
3018
2999
999
4000
2987
4014
1998
3000
2981
5005
993
5996
2999
2999
5007
5018
998
4000
999
3999
3983
2999
1999
1000
1999
2000
3006
3995
3999
4000
1999
4997
3021
3999
2999
2981
4019
2998
1999
3999
1985
1000
4000
2996
3999
3001
4015
3999
3000
1988
3991
3021
3998
3000
4981
5000
3001
2000
4018
3980
4000
4018
2999
2999
4980
3021
1998
2999
1999
4981
4019
4982
4002
4994
2002
4005
3013
3979
6021
2998
2999
3980
5001
1003
1995
3996
3000
4002
6003
4001
2995
8003
4996
3000
6002
3998
2019
2999
4985
4014
3998
2999
4987
997
4999
2998
4000
5001
2000
3996
3999
5006
4003
4011
3999
4982
4017
3000
3998
2999
4988
2013
2999
2999
3001
4983
3998
1999
1999
3000
7001
3996
3999
3021
4981
4017
2999
3979
3002
3000
1016
4000
3983
4999
1999
4004
5013
3982
2000
3999
3999
2000
5004
2996
3012
5001
3980
4000
3995
3999
3000
5004
3997
3998
4002
6006
5012
1999
3000
3979
3000
2019
3999
1999
3982
4000
2996
2999
4005
1998
3003
3993
3998
4003
4999
3999
3997
4008
3997
3018
3999
2978
4003
3000
4003
11000
3996
3001
3003
4996
4998
3994
3999
6004
5001
3994
5005
4998
3996
2999
5006
3998
3000
2000
3999
4004
4015
4999
4000
999
4980
3001
3018
3998
4980
3020
1999
2977
3999
2002
6003
4019
3999
4977
5021
1999
3999
4979
4996
2999
2999
5003
5024
3996
3000
4976
4025
2996
2001
2007
4992
5000
3998
2999
1000
5984
2014
1000
2000
3999
2982
5005
2013
2999
2999
4981
5018
2999
3999
0
2000
2989
4012
3999
2999
4981
4020
2998
4000
986
4993
4005
3013
4000
4980
4000
3019
3000
1999
5982
6017
6976
6004
3016
4001
4001
2999
4999
3999
4000
999
3983
4999
3980
3997
4024
3997
3981
1999
4020
3999
2000
3980
3020
3978
3997
2999
5003
5022
3997
3979
2001
4018
2000
4000
3000
4985
1995
3995
2999
3004
5003
5996
4017
4987
4009
1999
999
4000
4986
4013
3000
1999
3985
4999
3014
3000
3999
6982
3003
4017
5978
5006
5000
998
6997
4996
3998
2026
5983
3997
3999
6001
5017
3998
4001
1982
4001
3015
2999
3000
2980
6005
1996
5019
2999
4985
3997
3996
3001
7006
1015
3979
3996
5002
5021
3981
3999
5019
4985
3995
4997
1997
3000
2010
4995
5003
4993
4999
4000
5004
3996
3999
3999
6008
2992
3001
2997
3002
5004
1996
4000
4000
5001
4017
3999
1999
6000
2999
2999
4000
2980
5005
3996
2999
5003
4995
4020
2998
1000
4986
4014
4000
0
4000
2979
5021
3999
2999
4981
5018
3999
2999
1987
4994
2018
1999
3001
4983
4003
4012
3001
4987
3991
4020
3999
3977
5002
3020
3000
4980
3999
5002
3999
4000
4002
2994
3997
5023
1999
4978
3997
4023
3999
4985
4001
4014
2999
4980
4019
4000
2999
4978
5023
1998
1999
3980
5003
2003
2995
3999
4004
3992
4999
3000
6002
7000
3997
6004
4019
4996
1999
1981
5001
3996
3999
4001
6004
4015
3999
6988
2011
3998
2999
4984
3001
2014
3999
3000
4984
4017
3999
3000
5982
3000
4015
4003
2986
4993
2020
4000
6979
5000
1996
4008
5001
5000
4995
1998
6000
5019
4000
6979
7003
2999
3997
4998
3003
4998
4000
6003
4995
4996
5007
1997
3995
4000
5001
2996
3999
2002
2999
5019
2998
4000
4981
4021
3998
4000
2000
5979
4019
2999
4980
2993
4019
4000
6988
6996
1993
5003
4994
2999
1999
3000
6003
3022
4000
2999
4978
4005
4995
2000
2998
7000
3996
8007
6000
5000
6997
6017
3999
1982
4998
3021
1998
4984
997
5997
2000
4018
999
5001
4977
3022
3999
4000
5979
3020
4001
3998
4980
4018
3983
2999
4998
4002
5000
4000
7021
4997
4000
1978
4000
5019
4000
4979
5019
3999
3000
4980
2004
4014
2000
3999
2981
3004
5015
3999
3980
6000
2998
3999
1981
6000
4998
3997
6002
8021
10999
3985
9996
5015
3002
3000
4980
2019
3999
3999
3979
5021
3999
1999
5980
4020
4000
4998
6001
3974
3999
5002
6020
3999
4001
5999
4000
5000
4980
3997
1999
5010
4993
4004
1996
3003
3998
5003
6015
3999
4979
5019
5000
3999
4985
4992
3999
4001
2002
6021
3999
3999
2980
4996
3999
3999
2003
5003
3993
3999
4001
6020
1000
4998
2999
4985
3015
1998
3000
3999
4983
3997
4000
2001
6002
2998
4999
6005
4996
3996
3999
6003
3000
3996
1000
4001
5001
2019
3999
4980
4996
3994
2999
5008
4995
3995
5995
3003
6001
4999
4003
4994
6001
6000
6019
4999
1999
4979
6020
3998
3981
4002
4018
3998
3987
5013
4999
1999
3999
5988
3012
4001
3998
5020
3999
4000
4981
5996
1998
4000
5004
4000
5018
2999
5983
4016
3999
3000
5980
4019
4000
3999
4984
4016
3999
4000
4980
4018
4000
4980
5000
2997
3999
6005
4999
3999
5000
2980
4000
4020
4981
4999
4996
2999
8008
10017
4978
7020
5980
5004
4995
3996
3000
2000
7005
4999
3998
6001
5995
3999
5003
6019
4999
2999
5981
5017
2999
4982
5000
3999
5000
5002
3996
3998
8006
6996
3998
7005
2999
4001
5995
5002
5002
5995
6002
4002
4994
9018
7984
7002
7014
6979
4997
4008
6993
5016
6000
6983
5018
5984
4013
4985
4994
7003
5015
2999
4982
3001
5015
3999
3983
5999
2017
3999
3982
5016
2986
4998
4003
1995
5019
4000
2999
4981
4020
3999
4000
2980
5002
3999
4999
3998
5002
5000
4003
4995
5020
2998
4982
3002
5015
3999
3984
3001
4014
3999
4986
5998
4998
2999
6004
3019
2999
3999
5980
4018
4000
3980
3999
5020
3998
4981
2999
2999
4018
4979
4019
4000
4978
4003
4996
4024
4998
4981
5000
4995
3001
4001
5020
3000
3004
5979
2999
3996
5002
5002
4013
5000
3979
5021
3001
3999
3987
5990
3999
3999
7006
5017
2000
4979
5021
3999
4000
5985
2014
3999
4000
7986
4013
3999
5991
7014
4001
4980
5019
3999
4979
5020
3999
4001
4979
2020
3981
5019
1998
4981
3018
3981
3996
4003
2020
3998
5000
1999
4985
4997
4017
4985
3997
4018
3999
3980
6002
6000
6004
6991
3999
5002
5004
5999
1999
9007
5988
4002
5998
4999
8004
5996
6001
4001
7016
5981
5018
1999
3997
6980
4999
3999
4004
5996
3999
5000
5003
3998
3997
5006
5993
1999
1999
4000
6005
4996
3999
6003
3999
3996
4003
1996
3005
5995
4000
3004
4001
3996
4998
5002
4020
4984
4994
5001
3997
6000
2002
2998
6008
6016
4974
4999
4999
4004
5000
4995
5003
4998
3996
2999
5003
10003
7004
3993
4018
3999
3000
5987
3994
5019
4976
4021
3999
4000
4978
3022
2999
4000
3982
6018
2999
1999
4987
4994
5019
4000
5980
5018
2001
4981
5018
4999
3000
4000
6982
2994
3999
5007
4001
4999
3995
5007
4993
5006
1999
5998
4001
4999
5004
2014
5000
2998
4980
5001
3999
1999
5004
5014
4998
3000
5985
5014
3998
4987
5013
3999
4001
4979
6020
3999
4980
5020
4998
3999
4986
5991
3999
1999
6024
3999
3999
4980
4997
1999
3999
4000
6022
4998
3999
3980
4020
1999
3000
4979
5019
3999
3999
1983
8004
3995
3999
5000
5018
3999
5980
4019
4000
3980
5000
5001
4000
4998
5019
2999
4000
4981
5020
3998
2000
3977
6005
4017
3998
4981
3005
4996
4017
4982
5002
5016
4981
4002
6017
3996
4980
2000
4020
2999
2000
4979
4021
3999
4000
4978
7001
4999
6000
5018
4013
4967
5021
2998
3999
4979
6020
3999
4982
7003
4998
5998
5997
999
6006
7997
6020
3978
7001
5019
4999
3979
4997
3000
5001
5007
4995
2000
4998
4006
3997
5017
5979
5020
4982
3000
5002
3996
6004
5998
5997
5018
8000
3983
2014
4983
5016
4979
4019
1980
4000
4014
3999
4981
4019
4000
4000
3981
6998
3996
3999
5006
4999
4999
7004
6014
3999
4978
4020
4000
2999
5981
3997
4999
5003
7008
5990
4004
2998
6000
2999
10998
3997
7992
6004
6016
3001
3998
6982
3016
3000
4985
3998
4015
2999
4980
5005
4017
4981
4000
3000
5001
5019
4984
5015
4976
5001
4998
3999
5000
7006
5997
5004
5992
4023
3999
4977
3023
3998
4000
3979
5020
3999
4981
2996
6000
4999
5026
1979
5017
2999
4980
5000
3996
3999
5004
4003
5998
3999
5995
4996
5000
6006
5013
4999
5983
4016
3999
3985
5014
2999
5000
8983
4018
4000
7987
4010
2000
4982
4998
5020
5980
6004
3997
4000
4998
5018
2999
4001
4980
6001
5003
7000
11013
4982
2998
4000
5011
4980
4020
4998
2999
3986
6016
2997
4983
4994
3008
1996
4000
6006
6014
4998
4984
5992
3999
6006
6018
4999
4985
8997
4998
6019
3998
4999
5986
4012
3999
5984
5016
1998
4000
7990
4990
5002
6998
6003
7996
5997
5001
4999
4023
3999
7001
5980
4998
4997
5020
3999
3983
5001
5014
3000
4001
5981
4017
4999
4980
4020
5981
5996
5020
5000
1999
5980
5019
4998
4981
6002
3994
3999
6003
7021
4000
5978
5022
4997
4980
5019
3999
4001
7003
3995
5001
2979
6020
5001
2997
2980
3003
4997
4999
4003
5015
3999
3000
5978
5021
2999
3000
11001
8980
4019
5000
4983
5999
4999
2000
2998
5002
5017
4999
5981
4018
5001
4979
7001
4000
4000
7017
3999
5000
5980
2997
5002
5001
2999
4001
5019
6978
3019
5000
4979
5020
4999
2000
5980
5022
4974
4999
6006
5999
5002
7019
4998
1998
5976
6023
4998
4983
6016
3999
2999
2987
6012
4000
2999
5988
5012
1000
3980
6020
3998
3000
6985
6015
3999
6979
4019
2999
3999
5981
4997
4000
6001
6024
4998
4985
4991
4999
6003
7020
3999
5979
4019
4999
4983
5997
1997
5009
4993
3007
3997
5017
2980
5019
4000
8983
7998
8998
5000
6019
4980
4020
5000
4000
6979
2999
4997
4000
6003
6001
5002
3996
4002
4999
7019
6000
4999
7981
5997
4019
5985
3999
4000
5979
4020
1999
3999
3979
4999
4997
4000
6004
6000
1999
7005
5991
9009
8018
3998
5979
3020
4995
5985
4000
4997
4997
4003
7017
5978
6005
2000
5014
3999
4983
5002
4014
4983
5017
4978
5001
5019
4999
3000
5982
5017
4999
3984
4015
4982
4999
5000
2999
4997
5000
3004
7018
4999
7984
5014
4999
4981
5018
1999
3000
6990
2997
3999
7017
4999
3999
5984
6001
3006
4988
6019
2999
4999
2978
5021
3999
5000
5987
5014
4999
5980
4019
4999
8986
4996
4017
2999
7000
2998
2978
4000
5007
6016
4998
2978
5998
4022
4000
6999
4999
4001
6000
4999
4999
4980
6020
3000
5980
2999
6020
3999
5986
4014
4000
5979
5997
4999
5002
3006
5997
6000
6997
3997
5000
5005
6018
5000
6985
3013
4999
4984
4002
4995
3999
5999
5018
1999
2999
4981
5018
4999
4000
4987
5013
4000
3000
5979
4997
5009
5000
4990
6000
4003
5002
6000
6997
5016
4000
4982
5017
4999
3000
6001
5003
4998
5981
5018
5000
5986
6013
3999
7000
5000
3999
7983
5016
4998
6983
5017
4000
5980
4996
2999
4000
6009
5012
2999
2999
6983
1999
3998
7983
6997
2019
5980
5019
4000
5001
5999
3998
6001
5984
3014
4999
9983
5997
6004
5997
6999
8001
6017
7000
5983
4997
6997
6021
4998
2983
7019
4998
4982
4019
4999
3000
5982
4018
4999
2984
6003
3995
4999
6999
5018
3998
5985
4996
4999
5002
6992
4999
4004
5012
5999
5988
5987
3999
4006
5996
5020
4981
6015
2998
4001
4983
5016
5000
4000
4982
5017
5984
4996
2024
4997
5000
7001
4976
5011
7995
6002
7999
8001
13002
9997
10997
12003
19996
11999
11003
10994
11005
11001
8993
12003
9998
11998
11005
3994
9006
8998
6000
8994
5010
10989
4999
8005
11000
9995
7001
9996
8003
10001
6999
9995
11000
4999
10003
4998
4999
9004
10001
9000
6000
6001
2993
4999
5005
8994
11000
9004
8999
3996
8003
2998
5999
12001
10010
9986
7003
5996
4999
10003
12005
6993
2002
6000
9995
15006
7000
11000
6999
5996
10004
6999
9001
9996
9999
6998
10003
4998
8004
9994
9001
5998
6001
9000
4997
10003
10999
7995
4999
8005
10994
8003
9000
7997
4999
10000
7002
7003
6017
4975
7003
2997
6001
8013
12990
7994
8004
6997
10003
9995
11006
9997
10001
7000
8000
3996
10003
5998
12999
6997
11006
11996
8994
8002
9002
9995
10004
10020
7983
6014
7981
10018
7980
9020
3980
5998
9021
11000
4975
4002
5002
7996
6003
7997
6005
11019
6979
8000
4999
9005
5995
6997
9022
9987
3992
3999
6998
4995
4000
9012
7990
10003
6998
9000
11000
5998
2997
7008
10989
7002
6996
2999
7004
6999
7002
7999
5999
5996
10004
6016
6979
7020
10983
10998
6002
6995
6001
8001
6996
7005
11002
9998
4994
3999
12000
8004
8994
9004
8000
7001
8996
13003
9001
12994
10002
3997
5000
9003
4999
10000
7996
4004
10998
8002
7995
5006
8993
2999
6007
10996
9999
5996
7005
11994
9003
998
5999
6004
10997
10999
6996
8001
11005
6994
4999
6005
7998
7002
12016
8982
9000
10019
7980
9019
5975
8002
7022
6984
7995
6999
10019
10000
9999
8979
4996
6004
5996
6000
9006
4999
2999
5000
5996
11006
9991
8003
4997
9004
13001
14997
10996
9995
6001
7003
9996
5998
7994
9006
10996
10001
8998
7002
6995
8002
9996
8003
3997
5999
11001
4999
6003
7996
14000
11004
6995
3999
9003
11001
11001
12000
9997
7998
10002
9995
5004
8995
12000
4999
8005
8994
8003
11006
11990
10001
4000
4998
9004
9994
9000
3001
5999
12006
16995
13999
15004
6997
12999
10998
9999
8004
5994
9004
12999
10995
10004
10999
7000
6999
9996
10005
8995
11005
3996
6000
8001
7998
7000
11004
8997
11000
6998
3996
7005
7994
11005
5996
7005
7995
10005
9997
8999
2996
5999
10008
4996
5998
8998
9002
2996
2998
8004
9998
12999
16002
13998
8000
14000
4995
10001
5997
7004
4998
6999
7997
7002
9997
7005
8996
8002
5996
4999
8001
8996
11009
7995
4006
7988
5999
12003
12000
3005
4996
9000
6001
8996
9999
8002
8997
9005
6997
9001
7996
11003
11004
9996
9999
7994
8009
8994
11000
8002
9994
6005
8998
6998
8998
6000
11997
10003
8999
11001
9996
5003
8998
9998
11006
12998
2996
10998
4002
12002
9999
5997
6000
7002
6997
8005
5996
19004
18998
14999
6004
19998
5993
5003
6999
5999
7003
6996
9003
9994
7003
10995
9003
10002
8994
10003
5996
9006
8993
9003
8996
3000
7005
8994
8004
7996
8004
6000
10999
6998
10007
6990
8003
3003
6993
13001
10999
9000
8001
5996
6004
5995
4997
5006
6996
4999
7001
5997
2999
6003
7002
6998
7000
5998
8006
5995
6002
5995
4999
2998
6002
6021
5975
7007
6016
8978
3996
5005
6019
6999
5998
5980
6018
3000
6979
7020
5000
3980
6998
4998
7008
6014
5980
8021
3997
6986
7014
4999
7000
3999
5000
6985
5995
7000
6000
4999
2000
6999
5019
6982
7016
3999
6986
4996
3999
7000
6018
5999
6979
5996
6003
7019
5981
9005
6999
10994
6997
11001
5998
9018
5979
6002
6001
1999
6004
6996
6015
5982
4004
5996
6003
5993
3999
4002
7000
5998
9003
6998
8004
4998
6004
5997
5995
6004
6016
5001
7002
4999
6000
5984
3001
5996
6998
5996
5000
8004
6019
6978
6020
4998
4979
5006
5996
6003
5992
6025
6983
5015
5999
6979
5020
5999
5984
5000
6995
6998
3998
2999
12004
6006
9003
2996
3992
7007
4999
2996
4006
8989
9003
10003
6994
7002
4002
8000
7997
8998
6998
10001
5998
6004
6995
6004
7998
4996
8003
5996
6001
6000
5998
5000
4002
5999
6007
9022
6969
8002
9020
8978
9006
9991
4999
7004
7997
8003
7995
5002
8002
5997
10004
4997
6002
7994
7004
13992
5002
5999
8004
5994
4999
6004
4997
7001
7020
2999
2999
6984
5014
6000
7000
4998
5000
5001
4999
6979
6003
4996
5998
6021
3981
5017
7999
3001
2999
5981
7008
6011
5987
7978
10005
3996
6001
8001
7002
12002
7994
7995
5999
9000
3999
8003
6017
5999
8000
3998
4999
8000
4999
6982
6017
5998
4983
5999
4999
7005
3015
4998
6980
4020
5000
6984
4015
4998
6980
5002
7018
3978
6019
6000
1999
7001
3999
5981
6995
6024
5979
7000
6016
6980
1997
6022
3980
5019
7000
5979
6001
5996
4002
9021
4999
4978
6021
5999
6001
5976
3999
7008
6014
3999
5981
5993
5000
7995
5999
8004
6020
6980
5019
4999
2999
7981
4996
4000
8024
3000
4999
7985
6013
4000
6978
4998
7008
7015
5997
7000
4999
5986
6996
4997
7008
8996
5997
14015
6989
5990
6002
7005
6995
6002
8015
5984
6015
5999
5987
6013
5999
6984
6018
4999
7979
3999
7003
5997
6999
7004
7017
6984
7995
8005
6013
1999
5000
6985
6013
4000
2982
4018
5999
5984
5016
5000
7982
5019
6000
5985
5015
5982
7000
6017
5980
5003
3995
4999
5004
6016
3999
6980
7019
4999
7001
4999
5982
12999
9000
4998
6003
7996
5998
9004
6997
10001
6998
10001
4016
2999
7983
6019
4980
7997
6000
8011
6994
5997
7996
4999
8020
5999
5983
6016
3999
5983
4000
6017
5981
8001
6017
4982
5017
6001
3981
5017
5000
6982
7002
7017
6980
6021
3998
6999
5984
5001
6015
5982
7019
6999
4998
4981
2005
5013
6000
6001
5998
4000
6988
4011
3999
5980
6019
2999
6002
6999
4999
7981
5018
5999
6977
5022
5000
7000
4999
6982
3999
4019
5000
8001
2998
2000
4999
5980
5019
5977
6007
6015
5983
4998
4999
6003
6997
6018
6978
5021
9980
8019
4999
5980
5000
5000
8020
6000
5979
5997
6021
6980
7019
5001
7003
5996
2999
6984
5998
7002
6992
6000
9023
5999
6979
6021
5980
7020
4999
6980
7022
6979
3998
5995
6004
4999
5020
4999
5985
3015
5999
5984
4014
5999
5980
6020
7000
7978
5019
7988
8997
5995
6996
3023
5979
5020
5998
3999
7001
6976
6003
7019
5998
6001
6998
6981
10005
8999
6995
8997
6001
4999
11024
3997
3000
7983
4998
8996
6999
8010
6010
5998
6984
7015
5983
5999
5999
7003
6012
6984
6019
2999
4980
7005
6996
6998
4996
3999
8002
5998
6000
6006
7013
5982
4999
6016
5983
5016
3000
6000
7003
6975
7002
7020
5000
7982
5015
5982
8018
2999
5981
7000
6000
8001
6015
3000
8000
2999
6000
4978
5021
3999
3980
7019
5000
7980
7019
6981
6018
5999
6984
6015
7982
6017
5999
6978
6022
6001
5982
6016
3977
6003
7000
5999
7018
4980
5001
6002
7019
2978
6996
7004
6998
6996
7003
7020
5998
5981
10994
8000
5999
6004
7017
5998
8000
4999
5984
6996
5999
6014
5985
5999
6004
2995
5999
7001
4999
4999
8010
6012
5986
6997
7017
6979
3996
4999
7005
6018
5999
6017
7001
6980
7018
4999
7999
6000
4981
8019
5999
5980
6001
6002
5016
5999
3000
4987
6014
3979
9021
5002
6977
5996
5001
9020
2999
6980
10998
8005
5993
4000
4004
12015
10984
5996
7000
2000
6016
7983
5016
7001
8998
6000
7982
7000
6998
5997
9004
7016
6981
7016
6000
4985
6014
5999
3003
5001
8001
6978
4005
5990
6002
7998
5999
8022
3998
4999
8001
5997
4983
7017
5999
6988
3997
5999
6001
6994
6001
8022
4999
7978
4020
5999
6999
4000
6000
7979
7020
6979
5996
7008
2001
7014
6982
3997
4018
4999
5987
7013
4986
4994
6997
7001
6021
6999
6980
6020
5998
6000
6001
4979
5995
6022
6985
6995
6000
8018
3001
4998
7985
5996
6004
5991
6999
5002
7021
5979
11004
2997
9005
7997
7994
3997
3998
9025
5998
7978
8001
7999
6017
4000
6981
5996
7003
6997
5999
7023
5979
4999
6004
7013
4981
4000
6016
4000
8000
3999
4999
8002
6014
2000
7980
4999
7002
6017
5999
5984
5015
4000
7984
4995
6000
8021
4999
3998
6001
4999
5000
7000
5999
4983
7016
6003
6980
4995
10006
8994
7009
7995
9999
9997
9000
5999
12004
5995
6984
7998
7003
3996
6999
7001
8002
5001
7015
4999
6980
7018
4999
8001
5998
6981
6997
5999
7023
5999
3978
8020
3999
6981
7999
7003
4003
6013
6983
7017
3998
6980
6001
7019
5998
4999
5000
6983
4998
6998
6018
5000
7986
6013
6978
6003
5999
3999
8021
5000
4978
7019
7000
6999
4985
3996
7019
5975
3999
5002
7006
6994
8004
6015
7000
2984
5997
5999
7017
5982
6018
5999
4980
8020
5999
7983
4016
5999
7977
7003
5996
7002
5002
6016
7984
7014
5998
3983
5016
6000
9987
4999
6996
6017
5000
3983
5016
6000
5982
7019
4999
6985
3997
7019
6981
6016
5980
7020
5983
8001
5015
3999
6986
7014
6979
7008
5996
9017
7989
7995
6997
12022
9984
9009
9981
11001
12996
10998
5001
10002
6996
10003
6997
9002
8002
9997
6996
11002
3997
10003
4996
4999
9002
8001
10999
5996
13003
11001
4994
8000
4000
6000
9000
2997
5999
6005
7995
8003
6996
8002
7996
6000
8000
5999
7003
2997
5998
3000
7003
5997
7006
6016
6001
9000
5999
8984
4996
5997
7020
5998
3985
6014
6002
3998
3985
5996
7002
7015
5979
7000
6020
8982
6994
6023
8999
5976
7002
7021
3999
8000
3985
5999
14013
10999
5982
9996
6023
7981
7013
6983
5020
5000
2999
7983
4998
7020
4998
5998
3981
7018
5999
6979
5999
7008
8000
6999
8018
3999
9000
5975
6002
4001
6017
6002
7997
6000
6987
5991
4023
7999
4000
5982
6018
6998
6981
4019
6998
3983
6020
7979
4998
6021
5997
6983
6016
5980
9021
8979
8019
5000
6986
7012
5980
7997
5999
8003
5997
8002
6020
5999
7982
7000
8003
4014
5999
4979
6019
6000
7000
6985
7001
6990
6002
9020
5976
8023
5986
9993
6996
8003
9019
7980
7998
8004
10999
11003
16003
5988
9000
6999
9002
6998
8003
5996
7006
5991
6000
8010
5989
4999
7001
6998
9005
7017
6980
5020
5000
6980
7020
5999
6981
7005
6994
6017
6000
6977
7009
7993
5019
6000
7000
6999
7982
8017
6984
4999
5981
8018
7000
6984
4014
6000
8000
5999
5985
7014
4999
7980
6996
7010
3995
6999
8018
6999
8000
5980
7998
6018
5999
6981
4019
7982
6000
6995
6003
8002
6018
7999
5987
5991
7021
7979
7021
6000
5977
5997
8003
7018
6000
8002
5998
6982
6997
4997
8010
7999
10995
3996
4000
16021
10979
6999
9020
5999
3983
5016
6000
9001
10978
6003
5015
7985
5997
3999
8004
6999
6995
7016
5999
3985
7017
7000
6999
3999
6979
5021
5999
5981
7002
4997
6002
6995
8001
7002
5994
7003
8017
7982
7016
6982
7000
7998
8002
6999
5001
6018
5996
7983
6999
10000
7000
10999
6997
10024
4999
8980
6015
9983
7017
5985
6014
5999
5983
7020
5977
9019
3000
7979
7001
6998
7001
6000
6002
6998
6984
7013
5999
3979
5020
5999
9002
3993
7008
6991
6999
9024
6995
6989
6009
2999
7988
7012
4000
7999
4003
7988
6012
7000
3985
7014
6986
6997
5999
7998
5996
8004
7000
7997
6997
6021
5981
6015
7000
6001
6999
6981
8017
5982
7020
4000
4999
2978
6999
3999
6002
8021
8982
6998
7003
9015
5998
7999
5999
7989
7011
5980
9002
8002
6015
6000
7982
4995
11010
11997
7998
4999
10001
5016
5984
4994
5997
8006
7016
6979
9002
7000
7000
7994
10008
7015
6978
5020
5999
6999
5999
5980
5019
4000
3000
5979
7019
6980
7019
5999
8985
6014
6983
7015
6000
8000
3999
5981
7997
5999
8024
5998
11982
6996
9003
6999
9020
8980
8994
4999
10005
8005
11010
14983
7015
6983
6999
7015
1999
8981
4019
6999
7001
6999
8985
4996
4000
7019
6998
3999
7000
7000
7980
7001
7997
6997
5023
5985
8014
5981
7995
7007
1996
5019
6977
6002
7002
5999
9020
2998
4985
5001
5012
6000
1980
8997
6021
7000
6000
2999
8001
6984
7995
3996
6999
6004
7019
7986
2995
2999
4000
8003
4996
8998
3019
5999
6980
8001
6998
6020
4998
6984
5014
6000
6981
6018
7979
6020
4999
6984
6990
5023
2980
5018
6998
4981
6002
6018
2983
2995
7002
3999
3999
8995
1000
6002
6022
6998
3980
7020
6999
8000
999
6000
9001
6999
7980
7000
5002
7004
7010
2000
8983
2999
4000
7019
5998
7980
5001
7020
4978
8020
4979
8019
2000
9984
3993
5999
9000
6023
8001
6999
2997
7999
7980
2997
8004
10996
9016
4983
10017
6984
5000
996
5998
10002
7996
10000
7000
4002
1998
6997
8001
8000
1000
1999
8003
3997
9999
7999
2999
5999
6001
5999
4004
6995
7003
4002
6997
8003
4996
4000
8997
6999
5003
9999
9994
3006
7995
9008
8990
13002
8998
8003
3996
7004
6995
9002
5996
7004
4001
6995
9003
5995
4000
7005
6001
8002
8996
10002
6993
8002
6997
2999
9003
2996
8004
4000
7015
0
2001
3984
7015
999
6981
7019
3999
2000
6999
7000
1999
6980
7002
3998
5999
5020
7981
8018
5998
7985
7014
2000
7985
6991
6002
8021
6996
8985
5017
5979
7020
5000
7001
6997
9993
7999
8006
6997
15017
8982
4016
6999
1982
4005
6011
4000
8985
3996
8001
4000
6015
7982
4016
3983
5999
5998
9004
5019
6999
4979
3001
7000
2996
8022
1998
3981
7001
1999
6015
4999
5983
7003
11005
6993
4001
8995
3999
7006
6001
8999
10999
25997
17001
20999
10003
7997
10000
7997
12000
3998
12001
12001
7994
9003
7998
10002
7002
9995
4002
2995
7006
4993
5997
1000
8001
2000
4999
3003
6998
7996
9000
6998
9000
4998
10005
7995
9004
7999
13001
17002
10001
8995
6000
11998
13004
10000
11998
10995
9005
9996
4002
5996
3000
13001
2996
10001
3996
10004
10000
11002
5996
9999
1995
5999
8003
4997
3999
8005
2995
5999
5006
8993
8005
4997
8000
7997
2999
7003
1005
5991
3999
4003
8020
6999
8000
3999
4983
7016
5000
9985
4999
4997
8018
9978
6021
7980
3003
7992
3999
3000
8024
6999
8977
8004
7000
8018
8976
1999
6999
8024
7975
4004
4017
5999
7985
1999
7994
7003
9019
8999
6981
7002
8015
6981
8999
4001
7001
5994
8003
5019
7998
10999
2999
9985
7996
11000
2000
6000
9997
1999
1999
8001
6999
7004
7995
4000
8005
7994
8005
3999
9002
5995
7000
8001
5998
6003
5999
6997
9002
6999
9023
2999
6979
8019
4998
3981
7020
7000
10000
5999
8977
5999
8003
8020
7983
6998
7996
7999
2999
4009
7990
10005
8998
3018
3981
7016
5980
7019
6999
3000
4981
5021
3000
2000
7983
3016
2999
5982
3005
5994
4017
7980
7018
7980
7997
6003
1000
7996
3999
6004
8016
7982
7997
7002
10019
7981
6017
6999
5988
3992
6999
8021
6999
8999
5999
5984
5996
6999
7007
7986
7012
7988
6012
7000
7984
6016
7982
4016
4000
3002
6984
7016
4000
2979
7002
8997
8002
7019
7975
4000
3999
10025
6998
7999
3000
6982
1999
6017
1999
5980
4000
5999
9001
7999
7979
8019
6980
7997
6998
9006
5000
10003
8014
8982
5999
12004
8993
7996
2999
3014
992
6998
7018
8000
8000
9980
1997
7003
11002
7997
9017
4981
5000
6002
8997
4002
6018
8980
6995
7021
7998
7983
8015
3000
4988
9011
2000
7987
8016
8987
8011
6981
3000
5018
2999
7982
3018
7000
9982
6998
5002
5993
6999
5010
2014
6998
8976
3999
10006
7999
7997
7019
5999
8000
5999
9002
7997
7980
6997
8002
8019
6980
7019
5999
4979
7002
4000
8999
8019
1983
9015
5999
9000
4999
3000
8001
6998
7977
6998
9010
5013
6979
9019
7985
7015
3000
7981
7000
7997
5003
7003
9997
10000
9019
3997
1000
8979
7016
4982
8016
8985
7998
8000
6016
7002
3981
7019
5981
7001
5999
6980
8002
6016
6980
6019
5980
4005
11013
11987
2994
10020
11978
10019
3002
9999
3999
9000
5000
3999
8000
3999
6983
9016
9000
1999
7981
6998
6002
9006
4991
3996
11004
3996
8003
6019
7982
8016
9001
9003
12979
10997
12999
9004
7015
9981
8016
6986
7013
7001
2983
9019
4998
9000
3999
7980
5020
6999
4982
5995
7001
9021
6986
6996
7999
9018
6999
4981
8018
5983
6999
1999
8003
6017
8998
7999
6984
5999
3015
5998
7978
4000
1999
5022
8002
6998
8984
6992
6002
5002
7008
9010
7998
6984
7996
5002
4997
1999
7002
10021
7980
7018
6999
7983
5999
9022
5997
5980
12000
9003
7014
7980
5019
5000
9000
4999
6988
4012
6998
7981
8001
8002
4015
8000
7999
7001
7985
8014
7979
5997
4022
2981
9019
6999
9999
1999
7978
8021
7980
6020
6999
6002
7980
4002
6018
7979
7007
2010
7000
8984
7015
7983
15001
5996
4999
9020
3999
8980
7018
7982
7019
4000
8979
7020
8980
7019
8000
8999
6980
8001
6018
5981
5016
2999
8984
4016
8982
5019
6999
8000
6998
6980
5019
5999
7990
2010
7983
10994
10004
7005
9999
10015
8983
6016
4000
8998
7001
10001
6998
7000
6999
3989
9010
5000
6979
7019
8980
7019
4000
9984
4996
9002
7015
3984
7015
6999
1000
8000
1999
6000
8982
4017
3999
1980
7019
6982
8017
6981
7018
5999
5980
7997
7999
8006
7998
6021
7973
4002
8998
2999
11004
6995
9020
6999
9980
3999
8005
6994
3999
8007
6996
8007
8013
7977
8021
6980
8019
8980
4997
6007
7995
2997
9023
8981
5000
7997
7996
8002
9001
10000
7018
5978
8020
6980
8020
7001
6009
7991
8998
3996
3999
11024
5999
6981
7018
3999
8000
6982
9015
7000
8000
7999
10002
3998
7979
3020
6998
7992
7989
1999
4996
8022
7980
1999
4019
6985
8015
7000
5983
7016
7982
8017
7978
6019
2000
7000
8001
7999
5979
3997
13010
7014
6979
6996
7997
5020
6999
5985
5997
3996
7999
10002
10000
7019
6980
8016
9003
7997
7986
6012
8988
8014
8982
6000
8000
9017
8984
9002
2003
13016
11980
8013
4990
12997
7005
13016
11978
10010
4996
9994
10009
10993
14003
9013
8002
4997
7980
8019
3000
9002
6997
9981
4996
11002
8020
12975
2999
10025
6998
9999
3998
6000
10000
5000
6980
5996
5021
6999
4000
6984
6998
7018
3978
4021
2999
6000
6999
8000
4981
7018
4001
6985
7990
8003
9021
7978
3019
6000
2000
9999
7001
8001
6998
8986
1014
4998
8979
4002
7000
9017
3999
4985
2995
3021
1998
9984
8994
11003
7002
8994
7020
7982
7015
6000
2985
8013
3990
8002
13994
8994
5000
14025
10974
6999
7008
4991
7005
9997
3999
10999
5999
5004
10000
4000
9993
6022
8000
5999
6982
8019
2000
11979
9005
8994
10002
8018
8983
6993
4000
9999
8002
3998
7997
8004
2997
7997
10006
4016
3998
5984
5997
9008
3017
8978
7997
3999
10005
7994
10000
5999
6003
5996
7002
9002
8002
10016
7981
8000
8999
5020
7998
9999
7980
9995
6022
10000
7977
8021
8984
8997
6017
8000
999
4991
9987
9022
7976
8022
7978
7021
6982
8019
7979
8020
8977
8998
3000
10008
9996
26000
6001
5013
7999
9000
4999
9986
5997
8000
7000
2000
7998
7020
8978
3001
7022
5977
5018
5977
9003
8975
8005
6017
3979
5020
7977
9003
8000
8004
7013
7981
5996
7002
4001
6001
7003
8997
9004
6014
7998
11986
6997
7013
2999
5981
8020
7000
8999
8985
7013
6001
9977
10005
13999
10005
8992
10001
5994
5010
8014
9978
9006
10990
13004
13006
10988
14000
9009
6991
9001
6999
5997
9019
6999
7983
6997
10025
7996
8999
4999
9000
4000
3999
9002
2000
7980
9019
5000
4983
6993
7007
3001
6014
4999
9000
8000
4978
9002
3995
8023
4986
7998
7995
4019
7999
7977
7024
5998
2000
5980
8020
7979
5020
7976
10024
3999
8979
8019
9988
5993
3000
9000
3999
8998
8020
9981
8015
3000
7000
6999
7981
8001
9006
8011
8985
7996
4998
10021
11982
8017
7979
8017
2980
6001
4999
8002
8996
7006
8994
999
8005
7995
6998
8020
9001
8999
9001
7998
5980
4019
6982
4998
8019
7981
8995
7002
8021
6998
6000
6002
8983
6991
8003
8019
7979
7018
5984
8998
7017
5981
7019
8985
8015
8980
3996
8022
7982
7017
7978
11002
10022
9979
9018
7984
7014
7980
7008
5998
11994
5003
11996
10002
9998
9002
2997
5000
12000
6000
8020
1000
8980
8995
1999
7001
8022
9999
8000
1000
8983
8016
3982
6000
5999
5998
3019
4999
7982
8021
7980
7014
8000
8000
1999
6001
9000
8999
8000
6999
9001
6975
4002
3000
3019
6977
11001
10002
5017
3999
7982
8017
7983
8996
7002
10018
999
8984
6995
9004
6016
4000
10000
9983
8015
9001
7998
7982
9020
8000
7999
7981
7995
998
2999
9023
4999
7986
5993
5018
9981
5997
1999
9002
9001
8996
9004
8019
7979
8016
7982
8018
1998
7983
3016
7999
5985
8017
8984
7015
8987
8012
6985
8999
5000
7019
6000
10999
6000
8981
8018
2981
8018
6982
8018
6998
4981
7997
5005
9000
11005
16996
12000
5994
13003
10008
4991
4996
3008
9013
6978
7996
10024
6999
10978
10006
11999
6998
8983
8000
15021
5982
36000
17997
21997
14997
20000
14999
32000
16000
9000
23001
7999
35998
9002
11003
21992
20004
18999
10994
10999
4999
9004
4995
8003
6997
7999
9001
7998
8996
8001
10998
8002
9997
5005
4998
4995
7004
7995
8006
5993
7002
6003
7996
7004
3997
2996
9007
9998
11019
8998
4979
8018
5980
9001
8007
7009
8002
5979
3997
8004
10999
7000
4019
8981
9014
8983
7016
6000
6983
9017
9000
9002
9001
6998
9001
3998
8980
3003
7015
12981
4998
9005
8998
11993
13004
5998
11018
7997
8980
9007
9992
16003
12995
2999
11003
11998
11003
3994
6003
6997
3999
10000
5000
9001
4998
5002
7997
6999
5004
9995
5003
6996
7999
9002
5996
9004
7999
6003
9994
12006
9998
10001
15003
13002
11995
8001
5001
10000
10001
8000
19001
24998
15997
19006
15990
12001
7999
16000
10003
7996
7001
6006
12994
7995
11009
8993
7997
9003
8995
5003
9001
8999
9018
10001
4982
1999
8999
5998
7980
9000
5998
7004
5018
8979
4019
7979
7002
4016
5980
8997
5999
9023
10979
5019
7000
2979
10020
8980
6019
7983
11000
8003
8013
2999
10984
8998
9018
7978
4004
6996
5000
5017
3000
8980
8019
8979
7019
8000
8983
6994
7023
8980
11019
8981
4002
8016
8982
7016
8986
3994
6001
12998
12002
13999
7019
8980
6017
6000
10000
7987
9012
5999
5978
2999
7999
10026
2998
9980
8018
10000
2998
3000
7984
6993
9002
3998
8023
9999
6999
8996
9982
6017
7986
7999
8013
8985
9017
4980
7996
8009
11996
8002
8996
9020
5984
7014
1999
7982
8018
8980
10020
3000
11000
8982
8994
10003
9020
3988
9010
