0
0
0
0
0
0
0
0
0
1001
0
0
0
0
0
0
0
0
0
0
0
1000
0
0
0
0
0
0
0
0
0
0
0
0
0
0
0
999
0
0
0
0
0
0
0
0
0
0
0
0
0
0
0
0
0
0
0
0
0
1000
0
0
0
0
0
0
0
0
0
998
0
0
0
0
0
0
0
0
0
0
0
0
0
0
0
0
0
0
998
998
0
0
2004
0
0
0
0
0
0
0
0
0
998
0
0
0
0
0
0
1000
0
0
0
0
0
0
0
0
0
0
0
995
0
0
0
0
0
0
0
0
0
0
0
1002
0
0
0
0
0
0
0
0
0
0
0
0
0
999
0
0
0
0
0
0
1000
0
0
0
0
0
0
0
998
0
1002
0
0
0
0
0
0
1002
0
0
997
0
0
0
999
0
0
0
999
0
0
0
999
0
999
0
0
0
1011
0
0
0
0
0
986
0
0
0
0
0
0
997
0
0
0
0
1002
0
0
0
0
0
999
0
0
0
0
997
0
0
0
0
3000
1004
0
0
995
0
0
0
0
0
0
0
0
999
0
0
1000
0
0
0
1000
0
0
998
0
0
995
0
0
0
1001
0
0
0
0
999
0
999
0
0
0
999
0
0
1000
0
0
999
0
0
0
995
0
0
1002
0
999
0
0
997
0
1002
0
0
999
0
0
1003
0
0
0
999
0
0
1005
0
0
999
1997
998
0
0
998
0
0
0
0
0
1001
0
0
1000
0
0
1000
0
0
0
0
999
0
0
0
1000
0
1000
0
0
1004
0
0
0
994
0
999
0
1000
3002
0
996
0
0
2001
0
1001
0
0
997
0
0
0
0
997
0
1006
0
0
998
0
0
0
0
997
0
0
1001
0
0
1000
0
0
1000
1001
999
0
999
0
1000
0
1000
0
999
1002
0
997
1000
0
1004
993
0
997
0
1001
0
1002
0
1001
0
0
999
1000
0
998
0
1005
0
0
0
999
0
999
1000
1000
1002
0
1000
0
994
1004
0
0
997
0
999
1000
0
997
0
0
1004
0
998
0
998
998
0
1000
0
2001
0
1001
0
998
0
1002
999
0
1001
1000
0
1001
999
2001
0
998
1000
0
998
1000
2002
0
999
0
997
0
0
0
998
1002
999
998
999
0
999
5004
1000
0
998
1002
0
1000
999
0
997
998
0
1001
1000
0
0
1000
0
3001
5997
0
1002
0
996
0
998
0
0
1002
0
998
1000
998
0
0
997
1002
999
0
0
1002
0
1000
999
1003
0
999
1002
0
0
999
0
1000
0
0
1000
0
0
997
1001
0
997
0
0
999
997
1002
0
1000
0
1000
999
0
999
0
1005
997
0
1000
0
998
0
0
999
0
1000
0
1000
0
0
998
0
0
997
0
0
0
999
0
0
1000
0
0
1001
0
0
998
0
0
1000
0
1000
0
2007
1000
998
0
999
999
998
998
997
0
0
1002
1000
999
0
1001
0
1000
1000
0
2006
999
0
999
995
0
1003
996
0
998
999
0
997
1002
999
0
997
0
0
1000
0
1003
0
997
0
0
999
1001
0
997
1001
998
0
997
0
1002
999
0
997
0
1002
0
1000
1005
996
0
995
1005
0
1004
0
995
0
1001
0
999
1003
0
997
0
0
999
0
999
0
0
0
0
1000
0
0
0
0
0
0
998
0
996
0
999
0
0
1001
1005
998
0
1000
0
0
999
997
996
1002
1000
999
997
2006
997
996
0
0
1002
999
999
1000
998
0
999
998
997
1002
0
0
1000
999
1004
0
0
997
0
999
0
0
0
999
0
1002
999
998
0
0
1000
1001
999
998
0
1002
0
998
0
2001
999
0
999
1000
1000
0
1002
999
1000
996
1002
0
999
0
997
0
997
1000
0
0
999
1000
0
1001
1004
1999
998
999
999
999
1001
996
0
999
0
0
997
0
999
0
1001
998
0
0
999
1006
999
1997
0
1002
999
0
996
999
0
996
0
999
0
999
1000
0
1000
999
0
1000
0
1000
1003
0
998
998
0
999
999
1002
2000
0
997
0
999
0
999
0
1000
1000
0
0
999
0
0
1000
0
999
998
998
1000
1000
0
1997
998
0
0
1003
0
999
0
999
0
0
0
1000
0
0
999
0
1000
999
1001
1010
991
995
2004
999
1000
998
1004
996
0
1001
998
1000
0
999
1997
1005
1004
0
993
1002
995
997
0
999
997
998
998
1000
1998
1000
1003
1001
1998
999
0
999
999
1002
999
997
0
2002
0
999
997
0
2006
1001
999
0
1001
0
999
998
0
999
0
999
0
0
999
0
1000
999
0
1000
999
0
1000
0
2005
0
1998
0
998
0
997
1002
0
1997
0
0
998
1001
0
1000
999
1000
0
999
0
0
2002
2003
1002
997
0
995
1001
1000
1000
1998
1000
1000
1000
0
1999
1000
0
2001
1001
0
998
0
1001
0
998
2003
993
0
998
1000
999
0
999
1000
1000
999
1002
1003
1999
996
1003
1997
999
999
1003
999
0
999
1000
0
0
999
1000
1001
998
2000
0
0
0
0
0
999
1000
0
0
0
998
0
1000
0
999
999
998
999
0
999
0
998
1002
997
1000
999
0
996
1002
1999
0
2001
998
0
2006
0
1001
998
997
1003
999
1000
999
999
0
0
0
1000
0
0
997
1002
1003
999
0
998
0
2003
997
998
2000
999
0
1996
0
1000
1000
0
2003
1999
3001
2000
1002
996
2998
1000
0
0
0
3001
1997
4000
999
3001
0
999
0
995
2004
0
999
0
1999
2000
1002
999
2996
2001
1002
0
1996
3002
0
997
4001
2998
0
0
999
1005
0
1993
3002
1001
1000
0
997
0
999
1998
1000
0
997
0
0
1000
1001
1000
999
0
999
999
999
1000
0
999
1000
0
999
2001
1000
1998
1997
0
1998
0
997
1002
1000
2000
0
1997
1003
0
2002
998
0
1002
999
1003
0
0
997
1000
1002
997
999
0
1000
1000
0
999
1000
2005
1001
1995
1002
1999
995
1002
1999
997
2002
1997
0
2007
1996
1003
1001
1991
0
2005
0
1005
999
0
1000
0
999
1000
2996
0
5002
0
1996
999
999
1001
2006
997
996
999
2001
2000
0
2999
998
1004
999
1996
2004
998
1002
1997
5004
0
997
998
999
1001
1999
1002
1998
2003
998
998
2002
1998
1003
0
1996
1998
0
996
1002
4004
1000
0
997
997
1001
0
1001
0
1001
999
998
0
999
0
1000
0
3000
2002
1995
1000
1001
1997
1000
0
0
1001
997
999
1000
1002
997
1003
1997
2000
1001
1993
0
0
1000
1000
1997
1002
2004
2001
1996
0
998
2000
1001
997
999
1000
999
1000
1002
1995
1002
2005
1997
1998
999
999
2000
998
0
999
0
2004
2996
2003
1999
1000
3002
1998
1002
0
2000
4000
1999
2000
1998
3002
0
1999
1000
0
999
3000
2999
3001
0
1998
1001
2000
1999
7001
1002
993
2004
1998
999
0
1999
2001
2997
1996
1002
1002
996
2002
0
2001
1998
997
0
0
2004
997
0
1002
998
998
0
2001
1993
2001
997
1002
1000
2006
1999
0
997
997
3002
0
999
0
999
0
999
0
1000
1000
999
1000
2003
997
998
0
0
2004
999
1001
1995
1000
0
1004
1999
3999
6003
998
1000
1998
1997
1000
4001
2002
999
997
0
1001
998
1002
1000
997
1999
1000
0
3005
1002
1993
1000
1001
1994
2002
1000
2000
997
3006
2000
2001
1996
1995
2004
996
999
0
1000
0
2002
2003
1001
998
1997
996
0
1002
0
2000
999
998
2002
3003
998
1002
1002
997
998
999
999
1998
2000
2000
3003
0
1997
2000
1998
0
998
1000
999
1999
1000
1999
1005
0
1003
2992
1001
1000
0
1000
1002
999
999
1000
998
0
1000
1000
999
998
0
1002
0
1999
999
2998
1998
1997
1002
999
1999
1002
0
2000
1997
1004
997
2004
1001
997
1000
1998
1998
0
2000
0
999
2005
0
0
1000
2001
2001
1997
1998
1998
0
0
999
997
1007
998
1998
1001
1003
998
998
998
0
1999
1003
996
996
0
1000
1006
998
997
999
1000
0
999
1002
0
2004
997
997
2000
1998
0
2009
994
999
999
0
1000
2000
2001
998
998
2000
998
2003
0
1000
0
999
1000
2000
0
0
999
997
0
1004
1999
997
1998
2000
1003
1996
999
0
2000
2000
3008
995
995
1001
2002
1002
998
999
999
0
1999
1000
0
1997
2005
2992
2002
996
1003
999
0
1005
999
0
0
999
1000
999
0
1997
1994
1001
0
999
1003
2003
999
997
1000
1000
1000
3004
1004
1002
0
2995
1001
1994
2001
0
3000
2000
0
2002
2001
997
1999
1996
2000
2000
1999
2001
3000
2001
2003
0
1001
996
1000
1999
1000
999
0
999
1003
996
3000
2998
1007
0
996
1992
1002
998
0
999
999
1999
2005
1997
2000
2000
0
0
1996
1000
999
999
2004
0
3009
1998
2000
0
995
1997
1996
1002
1000
3002
2998
1998
2998
1999
2000
0
2000
2001
2004
0
999
997
2998
0
1996
1000
1000
999
999
2003
997
1005
1997
1998
999
1001
995
2002
3001
1998
0
1000
1002
997
2000
997
1998
1999
2004
2003
1997
999
2995
0
2001
1004
1992
1000
2002
2000
1000
2001
3000
2999
1999
1995
2006
3002
2997
1001
1003
3993
0
1998
3003
2997
1005
4992
0
999
996
1002
997
0
2003
2029
1969
1000
1001
2000
997
996
999
0
999
1000
0
1000
1002
2022
981
1997
3004
1998
997
2001
1999
0
0
2001
1001
3003
1995
995
999
1000
0
1000
2000
1002
0
0
2001
1999
2998
998
1000
999
1000
999
0
2000
1000
1999
0
1000
1001
0
1001
999
2002
0
1993
999
2004
0
1001
997
1996
1000
999
0
2004
1002
999
0
999
998
996
999
999
0
2000
999
1002
997
999
2003
2000
996
2003
0
1000
996
1999
0
1000
999
0
1000
1000
1000
2006
998
1999
2000
1001
997
999
1000
999
2000
1000
1999
3002
2015
988
995
1020
1999
0
0
1999
999
1000
1998
0
1987
1015
1998
978
0
998
1022
1000
998
0
1000
1000
999
1000
999
1000
0
2020
997
1984
1016
1999
999
2000
999
999
1000
3983
1998
2997
2003
0
0
997
1018
1999
1000
986
994
1008
998
1990
1002
2004
998
1000
1999
997
1000
2018
0
2980
998
1005
1993
3022
0
2000
2000
1985
991
1004
1999
2002
996
1005
0
997
1000
999
999
2017
988
2011
0
983
2003
996
1995
1021
2000
999
2000
1001
1975
1011
0
1991
1004
1998
1985
992
998
999
0
1999
2003
1019
1978
2001
998
1003
996
1021
2000
0
2000
999
1999
0
1000
1000
1986
2005
1003
996
998
3005
2994
1000
998
0
1005
999
3002
2994
0
1000
3003
997
997
1000
1002
2997
3003
1999
0
999
0
0
2996
2995
1000
0
1002
1002
0
997
1002
1000
1001
1999
1005
994
998
0
996
0
999
0
1000
0
1000
0
1999
1000
2000
2003
0
0
3001
0
0
1999
0
997
0
0
1002
0
997
999
1000
1000
0
1000
2005
0
1998
1000
998
1997
999
1999
0
999
0
0
1002
999
0
0
2022
985
0
3015
1984
995
1019
0
1000
1999
0
999
999
1000
0
999
0
0
1981
1997
997
2023
999
0
1000
999
2000
0
0
999
1000
1000
0
1983
2998
999
998
1020
999
0
0
999
1000
999
1000
1000
0
1000
1001
1983
0
1000
1995
0
1019
1000
0
999
999
1001
1998
1001
1000
999
978
997
2006
996
0
0
1999
1999
0
0
1000
0
1000
1000
1000
1000
0
0
2025
997
0
1997
982
1000
2004
1016
1998
0
999
0
1000
0
1002
0
997
1981
2019
1982
0
1013
1001
983
1001
0
991
998
0
1000
999
1000
2011
1012
998
999
1980
999
1000
2018
0
1000
1000
1000
2000
1001
0
0
0
1998
1000
0
0
1979
1006
0
1998
1995
998
998
1000
999
2024
999
1000
0
1000
0
999
985
1992
999
0
1000
1000
0
998
2008
2000
1000
999
2000
0
1994
999
3007
997
1999
1995
0
1999
3002
1001
0
0
997
2000
999
1995
0
2000
1000
999
1001
999
1001
6017
982
2016
2000
999
999
2000
999
0
0
1999
999
4020
997
1000
999
1999
0
1000
0
1999
1984
1001
998
0
998
1000
1017
0
2000
1999
0
0
2000
0
1000
2000
0
1988
1002
0
997
1997
1014
999
0
2000
998
0
1000
1000
2000
999
0
2986
0
4995
2018
1000
999
0
999
999
1000
999
1984
2001
993
999
1022
999
0
999
0
2000
2000
1000
0
1000
999
1985
999
1997
1999
0
999
1999
1000
0
999
1999
1000
1000
1999
0
3005
1994
2003
998
0
998
0
1017
0
2000
999
999
3987
995
996
1006
1012
0
1000
0
2000
999
2000
0
2001
1982
1997
3000
3018
2000
1980
0
1000
0
6002
995
2002
2998
1000
1999
2000
0
998
2003
996
3998
1022
982
2015
2998
3981
2999
2001
0
1999
1981
1000
0
2002
999
0
5000
2001
1997
1002
1997
999
2000
996
1998
1001
1002
1000
0
999
2004
2014
2000
999
1982
997
0
1999
0
1000
1002
0
1993
1997
1001
999
997
999
1000
0
1003
997
1999
1000
2005
998
998
999
1000
0
999
1997
2003
996
1002
997
2000
0
1000
2004
0
1999
1995
0
1999
1002
997
1999
999
1000
1003
997
2004
1998
2003
1002
1015
1000
999
1000
2000
1000
0
999
0
998
1009
1995
1002
1997
999
1001
0
1001
999
2000
999
1003
1997
2015
1001
0
1999
999
983
2015
981
999
1997
1006
997
997
0
1997
0
999
999
1000
1999
0
1000
0
2002
1000
1000
999
1007
1995
1004
996
999
1999
1999
0
1000
1000
2001
998
0
2001
1995
999
0
2000
1000
1998
999
1000
999
2981
1000
0
996
2002
999
2000
1999
1000
2000
999
998
1006
3015
1979
1019
2000
0
2000
0
0
998
0
1000
1000
0
999
3988
2993
2004
1993
2020
1000
0
999
3982
1002
1996
0
999
1000
0
1999
2000
0
1999
0
1000
1999
1007
1990
2004
999
999
0
2999
1000
1000
2000
1000
1002
2996
1997
0
2021
1000
998
0
2000
1999
1985
997
1994
0
1021
999
1000
999
999
1999
999
1000
1000
999
2979
998
0
1006
3013
1000
999
1000
3984
0
2998
999
998
1003
2003
997
1015
1000
1999
0
980
1020
2000
999
1985
998
2017
1998
1000
999
1984
1995
999
1000
2001
1002
2001
3000
3016
1983
0
999
0
1000
1003
996
2011
994
1000
995
1000
1003
1997
999
999
2000
1000
1003
997
999
1005
2993
1006
2996
996
999
2000
3004
2003
0
998
1004
997
992
4008
995
998
0
997
999
1000
999
3009
2000
1000
994
2000
998
2000
999
0
1000
999
999
2003
2000
1995
2000
2000
0
1995
0
1999
999
999
1000
1002
1000
2008
0
1993
999
1000
0
1002
996
999
2000
999
1006
4000
1002
1989
0
0
0
1999
1000
1000
1999
0
1000
3008
999
3015
1000
1999
2000
999
999
2000
1000
1985
1000
0
1999
998
1017
998
0
2000
2000
1000
1999
0
1001
999
0
1981
0
3004
1995
1999
2000
1999
999
0
2999
0
3010
0
1993
1000
1004
994
999
2000
1000
999
1000
1985
2994
2006
1029
0
984
2000
999
2000
1999
2983
3995
2003
2997
1998
1998
3004
3997
3009
995
1001
1996
2998
2000
1000
1001
1998
3002
1999
999
1001
1999
2996
1002
3998
1000
1000
1000
997
2001
2003
2016
3982
3017
2999
999
1000
1000
999
1000
1983
3002
3997
2996
3012
3992
1995
3001
2997
2001
1999
1000
2001
1002
998
1000
2998
2002
999
1998
999
998
2000
3002
1998
3996
1003
2000
2002
2999
0
3998
3003
1994
1999
1997
1000
999
999
3005
3999
3000
997
999
1000
0
999
998
3001
1999
1996
1002
3001
1003
1998
2000
2000
2000
2996
1001
3999
1997
2000
1000
2000
1000
2003
2000
3001
998
1999
1999
999
3004
2998
1998
3999
2001
3002
997
999
2004
2997
2999
1997
1999
2000
999
3004
1999
4001
999
997
3000
2000
2000
1999
2000
2000
1002
996
1998
1999
3006
1999
2000
2997
2999
3999
2002
4002
1996
2001
2999
995
1005
997
2999
2002
1997
997
2001
1998
1000
2000
1999
2999
999
3003
2999
1997
1999
1999
2002
0
999
3003
999
3000
2000
2000
5004
2997
6999
6998
6000
999
0
2999
0
997
999
999
1000
0
1999
0
2005
0
2999
996
998
0
999
2999
1000
2000
999
1000
0
999
2004
2998
998
3003
1999
999
2002
1997
998
1005
1995
2000
0
998
1998
1999
2000
1999
0
999
1000
2006
998
998
0
999
1002
998
996
1999
1002
1996
0
1000
1000
0
5005
1001
998
999
996
1999
1000
999
1000
1002
2001
2999
3003
0
1998
1000
0
2999
0
1999
0
1000
1000
3002
1999
2996
999
999
999
1000
2999
1000
4008
2993
2002
1999
1000
999
2000
1000
1000
5002
2998
2995
1999
0
2000
999
1000
2007
0
2995
1001
997
1999
1000
2003
4001
999
1001
995
2000
1002
1995
1000
0
2999
2001
1003
2997
3000
998
1002
996
0
2003
0
996
1000
0
2003
0
996
999
2007
999
2998
2016
1000
999
2000
1999
2000
0
1001
999
979
3001
2003
997
1999
1999
3999
2000
3999
5019
3999
3982
4002
996
997
0
3004
2017
980
1000
4002
1997
1000
1000
3006
998
2997
0
2998
1996
0
1997
1004
2018
1980
998
1000
1000
1001
997
1998
3003
999
5005
3995
998
1000
5003
3995
1000
1000
1000
1000
1000
3001
2000
0
1006
4988
2001
2000
1999
4005
1994
4003
1997
1998
2001
998
4005
5998
2001
2996
2001
1999
2001
4001
4996
5001
2993
2001
997
1999
1000
3001
1000
997
1001
997
2999
999
1000
2998
5999
3001
999
0
4000
2998
4002
3000
1999
1994
3001
4002
3000
1996
4999
2998
1000
1000
5004
1000
2001
996
2999
997
4003
2998
1001
1002
999
2994
1000
2000
2000
1000
995
1002
2001
998
999
1001
1999
1997
2999
1003
1996
3005
0
998
1996
2002
999
1997
2001
1998
1999
1000
2004
3999
998
1996
2003
999
997
0
1999
4003
2000
1997
1999
2003
1020
999
2000
0
0
2985
997
1997
1019
0
2985
0
2997
1999
3003
1001
2991
1023
999
2001
2998
0
999
2000
999
1985
3993
1000
2005
996
999
3000
1000
999
2002
0
1000
3994
3023
1998
1000
3000
1999
0
999
2993
1021
1000
1998
0
1000
2000
1998
2984
997
1998
1021
2998
1999
1000
2000
2000
1998
4000
1015
1000
1998
1000
999
0
2000
1000
1000
985
999
3994
2020
1999
0
2000
2000
1000
999
1986
4993
997
1999
2000
1000
1999
2002
2002
2999
1019
2000
1999
2999
1999
2985
2998
1000
1016
999
1000
1999
1000
2999
1000
984
2995
2005
3015
1000
999
2000
999
1000
4985
3000
1014
1999
999
1999
0
999
2001
999
3979
2002
2994
1000
1999
3000
1000
2003
2001
998
1001
2996
999
2000
1000
3026
999
4000
3975
1998
2999
1000
3021
2991
2989
2018
0
999
999
2001
0
2983
0
998
3001
1997
1000
1016
0
1999
2000
999
984
1996
2000
1002
2001
2998
998
1999
2000
2999
3000
2003
1996
1002
997
1000
3003
3999
2000
2001
1995
999
0
999
1000
999
4002
1002
1998
998
2000
0
1996
2022
1000
1999
2985
0
1994
1001
1996
1010
3012
1999
1000
2000
2983
3999
1017
998
1000
1000
999
1999
3001
1980
998
2000
2003
1999
1000
1000
1999
1000
1000
2986
998
994
1003
1999
1998
3000
0
2000
1000
3003
1000
4016
1997
1000
1999
1999
999
1999
1985
999
997
2005
2013
999
1000
1999
1000
999
1000
3984
1992
1002
1007
1014
999
1999
999
2000
1999
1985
3015
984
3015
999
999
0
1999
999
1000
0
2000
1981
2996
1021
999
0
2001
1000
1999
2000
999
3985
1993
999
1021
1999
999
1000
3000
1000
3981
3003
3014
1999
1000
999
1979
1999
1001
1000
1005
2013
2999
2000
1000
2981
1019
1983
2997
1018
2999
1000
999
1000
1984
997
2001
1000
2001
994
1019
999
999
1001
999
1000
4001
999
2982
3000
999
999
3000
2002
997
2998
1005
1998
3016
0
999
2000
2003
996
2999
1000
0
1983
3002
1013
1000
2984
997
999
1000
1999
1999
3004
1999
993
998
2001
1998
999
3000
1000
3003
1999
4003
2998
2999
1000
4004
996
996
4002
2999
3000
1999
3004
2997
3018
998
1999
1999
1999
1980
4002
1997
1997
999
1007
993
2020
0
999
3981
1000
3001
2999
2000
2000
1000
2999
2006
996
3017
999
3000
1000
2999
3985
3015
0
1999
1999
2000
998
999
1000
4982
1997
1000
997
3003
999
2000
1997
996
2003
2000
2997
2000
3001
4001
2017
1982
1016
2999
2000
1983
4000
0
2998
999
3000
1999
1000
2020
3983
2995
2998
999
1000
4001
3006
1995
3998
1998
5022
2983
1999
2999
2998
4000
2999
1000
0
3002
3999
1996
2003
998
1997
1999
3005
3000
997
1003
999
2002
2993
2000
2006
1999
2998
1999
997
2000
1999
3000
2007
1998
995
2001
996
2003
1996
1002
2997
3002
2995
1999
1997
2000
2999
3001
3007
993
2006
996
2999
999
1000
999
1999
3001
1002
994
3998
2999
999
1999
3006
2998
998
3996
0
2999
2003
2999
2000
1004
995
998
1998
1999
1000
999
1000
1000
1999
1000
2004
2001
1998
1000
2020
2999
2999
2985
2995
2020
997
2000
2000
999
999
1002
998
2986
0
1993
1996
1999
1999
0
2000
2000
999
3004
1996
1999
2999
1000
3000
1000
2000
2005
2002
1995
2020
1000
999
999
1000
2999
2000
1977
2002
1995
998
999
1000
999
1000
2999
1005
1999
1997
1999
3018
1999
1000
2000
2998
985
999
999
999
1999
999
2999
3018
999
2000
1982
1002
996
2001
2015
1000
1999
3002
1998
2983
1997
2002
1017
1000
999
999
1001
1999
999
1986
3996
2000
2997
3005
2014
983
2999
2003
1997
1998
0
1999
2000
3000
4001
999
1998
4020
1999
1999
1000
1982
3995
3021
2999
999
2000
1999
2985
1000
1996
2020
1000
999
2999
2000
1999
1982
2018
2978
2007
1994
0
2001
1020
0
999
1000
0
3000
1999
999
999
2983
4002
4015
999
1000
999
4981
1000
4001
1016
999
1000
0
1000
0
999
0
3002
1000
2001
0
998
1997
2002
1997
0
999
0
1999
1999
2002
1997
1006
998
997
996
2020
1000
999
0
0
999
1000
0
0
1000
0
999
981
1001
1018
984
0
1005
0
998
1996
1019
1000
1000
0
999
1000
2985
997
999
1000
1002
995
998
2000
998
0
999
999
999
1999
1000
2023
0
999
1984
994
2003
1000
1998
1000
1999
1000
2017
999
0
2000
4000
0
985
992
999
998
0
999
999
1000
1024
998
0
1999
999
980
1005
1994
0
2020
999
1000
2981
2000
1000
1000
1982
2018
1978
998
998
999
0
3024
1998
0
2000
0
1001
2982
1001
1993
998
2005
1020
997
1001
0
999
999
999
1000
1000
0
2979
3001
2021
997
0
1000
0
0
999
999
2000
1000
999
0
985
0
996
1004
996
0
2017
0
999
3000
999
0
1000
999
1000
999
999
1986
995
4000
0
997
1999
0
1000
999
999
1000
0
1000
999
1000
1002
2000
3001
1996
0
1000
999
1000
0
1000
1000
2000
1000
1001
2001
998
2002
999
999
2000
999
999
1000
0
1000
999
4002
2000
997
1003
1015
999
1000
999
1000
999
1000
999
2000
2982
3000
1000
1017
0
999
2999
1000
999
2000
1985
2001
1014
2000
2000
2000
3000
0
1984
997
2003
1999
1014
1000
999
0
2001
999
2000
999
0
4980
999
3002
995
998
2000
1999
0
1000
2004
1999
0
2997
1022
3000
999
1999
1000
0
1999
3984
0
1995
1021
999
1999
1000
1000
999
1000
999
1001
999
0
1978
2004
995
999
2022
0
1999
0
1999
0
1000
1979
4004
995
998
3003
3002
1997
1994
1002
2002
2999
3003
3017
2979
998
2999
1999
996
1003
2015
999
1000
1998
0
980
2020
0
2000
984
2000
998
997
2001
2999
1000
1998
2998
999
3002
1005
998
997
1002
999
2999
1000
2999
1000
3997
0
3006
1018
999
0
1999
1000
999
0
2001
1983
2997
1000
0
1998
1997
1999
1000
0
1000
1000
3003
1993
2001
2007
1995
1000
1999
0
1000
2001
2001
999
996
3997
1999
1999
2003
999
3005
1000
4999
1995
1000
999
999
1999
2000
1002
2001
2000
1997
995
999
1999
1999
2000
999
1004
1997
3007
2990
1000
999
1000
1000
0
1999
1003
1999
2995
2009
0
996
996
0
1999
1003
1996
2000
1999
1003
1001
1003
4001
999
2990
5002
3006
999
1995
1998
999
3999
3999
3003
1997
6001
2996
1000
3004
2003
996
2997
998
1999
1999
1000
2000
999
3004
1998
1002
1001
1996
1000
0
1999
2000
3006
996
1004
1994
1002
1019
999
999
1000
1999
999
1000
1980
2998
1000
2001
1018
1999
1000
1000
2000
999
1000
1976
1998
0
1000
2999
0
1000
3004
1995
2020
2980
1995
999
1000
999
1000
0
2007
1999
0
2001
0
2996
2020
1000
999
1000
2001
998
1000
998
1000
1978
1006
998
1997
1018
2000
0
2000
1001
1998
2000
1000
1983
2000
2015
1000
1999
2001
999
999
2000
999
2979
0
2005
1015
976
998
1999
1002
997
1000
0
1000
1000
999
1001
2001
999
0
2003
2999
1002
997
999
1000
1000
999
3002
1999
4020
1996
0
999
1001
1999
999
1999
2983
995
1001
3019
998
1000
998
0
2000
999
1000
1983
996
1004
997
3000
995
999
1000
0
2000
1999
0
3000
2002
3004
5018
1000
999
1000
2000
999
1978
1004
998
4017
1999
1999
1000
1000
1999
0
1982
1003
1996
0
999
1018
1999
999
1001
2000
999
999
2000
981
3002
994
2021
0
3999
1999
1000
1000
999
3992
2989
1002
2014
2001
999
0
1000
999
1000
2985
1994
998
0
1998
1999
1000
0
999
999
1999
1000
1000
3003
999
1001
0
2000
0
1000
1999
3000
1000
999
2997
2005
0
1993
999
999
2000
1000
1000
1000
2000
2000
2002
2997
3999
1000
999
1000
3025
2984
999
998
1997
2020
998
999
3980
2020
2983
2994
3021
0
1000
999
0
2000
1001
999
1999
0
1985
2000
1998
999
1000
999
1999
1004
1003
1996
1013
1986
999
0
998
2016
1976
1999
3000
999
2000
1000
2002
3001
3023
3000
1997
999
2984
1995
1996
999
3023
1000
999
999
1999
2985
998
995
1999
0
3020
1000
1000
999
2000
1980
1005
1998
995
2021
1000
999
2000
999
1000
1999
1000
1985
2000
997
1997
2020
1998
1999
2000
1001
3982
998
6005
995
4000
2995
3003
1997
1001
1997
997
2003
3019
5979
2000
2020
999
1000
1999
0
1000
0
3000
1000
1019
998
994
3021
3000
1000
2000
2981
999
2005
994
2019
999
999
1000
1000
1999
2001
1982
2005
994
2001
2014
2000
999
1999
1000
2000
988
5993
2996
3003
999
1000
5000
2002
1996
1997
1005
1000
1997
0
10999
2001
2998
999
3024
1978
3004
2994
3000
2000
997
1001
999
3997
4021
1000
3981
1015
1999
2984
2998
2004
1000
999
1999
1000
2000
1000
990
1992
1001
1997
3002
3005
993
999
4003
998
1997
2001
1001
1998
1998
2997
6003
3001
1996
999
3000
1000
3002
1998
3003
1997
2000
3000
1000
4998
3006
1992
999
1999
1000
1003
3001
5998
999
998
1999
1000
999
1000
2999
1003
998
3001
3995
2000
1000
999
1000
999
1000
2002
5001
1995
2999
2000
1002
1997
1005
4998
1999
996
1999
999
1999
1000
999
2004
1000
2999
1000
2000
2005
996
0
1996
2000
4009
7012
4002
1999
2979
0
2997
998
1999
1999
0
1000
2000
4009
994
2005
1992
1998
0
2999
2000
3023
980
1003
3995
2021
1983
1993
999
2002
0
1997
2005
3997
1000
1996
999
2000
2000
2000
0
0
1000
2005
998
3999
996
2020
1980
999
2999
1000
3004
2002
3014
4000
1999
3002
3977
2020
999
2000
0
999
1999
2000
2000
2983
998
2000
1001
2015
999
1999
1000
2999
1986
1996
1999
2019
1000
999
999
2000
999
1000
999
1987
2997
1994
1021
2000
2000
1000
2000
2000
0
1984
999
1998
2018
1001
997
2000
2000
999
2000
999
3978
3001
1020
1998
1999
2000
999
1000
2986
997
3017
2999
1000
1999
1999
1000
1985
998
2998
2018
0
1998
1000
2000
1000
1000
999
999
1985
1997
1994
3022
2000
999
2000
999
1979
3001
1997
2016
0
2001
1998
1009
1990
1984
2000
996
1998
2019
999
2000
999
2001
999
3981
3001
1997
999
2019
2000
1999
2988
992
1997
1000
1021
2000
999
1001
1998
999
2000
1001
3999
1985
1000
1014
1000
1999
1000
1999
1000
1000
2984
2994
0
1996
1999
2000
2000
2024
1979
1996
1996
998
1999
0
1000
2000
1000
4008
2999
1993
3021
1000
999
2003
997
999
2001
1981
1003
1995
2019
1000
999
2000
1979
2020
0
2982
1999
1000
2999
0
1999
3017
1000
1000
1000
984
2001
1994
2018
1000
2984
998
2999
3002
999
1996
1998
2998
2005
1999
1999
1998
3004
2001
992
3024
997
1999
3000
1982
1000
2003
2011
999
1999
1000
999
2001
999
999
1980
1998
3020
1999
1000
999
1000
999
2000
1000
2986
1995
999
3019
999
1000
3000
999
2000
1984
1000
2993
1022
999
2000
1000
2000
1987
1993
3005
994
1999
1000
1999
1999
2000
1002
5002
2013
999
2000
3000
999
999
2981
2003
2992
1000
2999
1000
3000
1000
1000
2012
3989
2022
1999
1000
0
2000
2999
1982
4016
2999
0
999
2000
1999
999
999
999
2980
997
2022
3999
0
1000
999
2000
4985
996
1999
2999
999
1999
2000
3018
2997
1998
4018
999
2000
2000
1999
1985
2998
1016
3000
999
1000
2000
4000
4982
2018
2000
2000
2980
2998
2005
1996
2000
2999
2000
1000
2017
1000
1980
2004
995
3018
2001
1998
4984
7997
1998
999
3005
1000
999
4995
1000
1000
2999
998
2007
997
997
2000
1000
4997
4001
3003
1997
1000
1999
5019
3001
1998
2000
999
1000
2004
997
2004
991
998
2023
1999
2000
1999
2985
1994
4022
1998
1000
999
3000
1001
2983
998
2999
2018
1999
999
1999
999
2985
1996
3999
2019
999
2000
3977
3004
998
5022
997
1000
2001
1999
2000
2984
1993
2021
0
2999
1000
2000
2000
1999
985
998
2998
3016
999
1000
1000
1999
1000
1999
2984
3015
3000
999
2999
1000
1000
1981
3999
1996
2000
1998
1000
2000
999
2000
2008
3995
2002
2998
2000
1000
1000
3002
2001
2996
2018
1000
2999
999
3980
998
1000
1999
2020
999
1999
1000
2000
999
1000
1000
2985
3014
2000
2000
2000
2000
1979
4000
998
2999
1998
1999
2008
1996
2004
3994
998
999
999
1999
4000
1000
2001
2001
3006
1014
3000
1984
2998
1001
1015
1999
1001
1985
1996
2000
999
3001
1997
2002
998
1999
2018
999
1000
1000
1985
1998
3997
1999
3017
1000
2003
1999
1985
1994
2020
2000
1001
3999
2000
2985
1997
1997
2020
982
999
1999
2000
1999
3999
1998
1998
2022
999
1003
995
999
2999
2983
2998
1017
1999
3000
1998
2979
3003
4018
999
1999
2000
1000
1000
1979
1999
4020
1000
2999
3000
1000
2000
981
3002
2997
1994
999
0
2999
3000
4026
2981
1016
999
2000
999
1999
999
2986
1995
1998
2020
999
2000
1000
1000
2999
3985
998
2001
2015
2000
1000
999
1982
3006
3991
2000
3000
999
999
1001
3021
2983
2995
1019
1999
1999
1000
1000
1999
2000
1981
1004
3015
1999
2000
1988
999
1989
2002
4001
3000
998
3021
998
1999
999
2984
998
2001
997
1000
2998
2001
4018
1985
1997
1000
999
1000
3018
1999
0
3000
1984
1996
2003
1998
1004
1995
2999
2000
2002
2003
2991
2003
1999
2000
2000
3000
2999
3004
2991
4999
2000
2002
3008
1995
1998
1000
3000
2000
5997
1999
2000
999
2003
996
1999
4002
3004
1997
1996
1999
1999
3000
1003
4997
2002
997
3000
1000
1002
3004
3017
1977
998
1999
2000
2000
1000
999
3008
1999
998
1999
1000
999
2000
2000
1999
4997
2001
4020
999
1000
1999
2982
2996
3002
999
1999
1999
2000
2000
3998
4000
2021
1998
2000
1980
1995
1001
1001
2997
2024
998
3000
1998
2982
1000
3996
3021
1999
2002
997
999
999
1986
2997
1994
0
3999
2024
1997
999
2984
1001
3014
999
3000
999
3001
1999
1000
1985
4015
999
2000
3981
1000
1999
2003
1997
1000
1996
1025
1997
1999
1000
1999
3981
3000
999
3017
1000
999
2000
1000
1000
1986
2993
3004
2015
2000
2000
2000
2980
3000
996
2999
2021
1999
1978
3008
3994
2997
1992
2005
2997
3003
4002
995
1000
2999
2000
1000
2999
4005
2021
1999
1999
999
1979
1998
2021
1984
2015
2000
2998
3981
3019
3998
1999
2000
999
1999
1980
3992
2020
2999
1000
2000
2000
3984
2996
2019
1999
999
999
2000
2000
2980
4004
2013
2000
1999
1983
999
4996
2999
1999
1000
1999
1000
3026
2982
1999
1995
2020
2000
3000
1998
1986
2993
1020
1998
2000
2000
3000
1999
1980
2002
1000
1998
2999
3006
1991
5001
1998
2002
3023
4995
6982
2997
3001
5997
2003
4995
4005
4010
4988
3004
1994
3000
2000
4001
4996
2999
2000
1999
3005
1998
1001
6020
1995
2999
5982
4997
3000
2998
3003
1995
4004
1998
2002
997
2000
999
4002
2999
1996
5999
1002
5003
4000
2997
1998
7005
5003
2994
2998
2001
2000
3005
1997
1999
2000
3000
2000
2998
998
1998
3001
3999
1999
4005
1996
2004
1997
1000
1999
2000
1000
1000
1002
3000
2992
5000
1999
3004
3001
3997
998
2000
1997
3000
1998
2002
2000
1005
1997
996
999
2002
1997
2004
1998
1001
2002
2992
1998
2000
2000
3006
3002
2002
1994
4019
2000
3005
2011
999
0
3983
2999
2998
2020
997
1000
2000
1979
2006
999
2014
1000
3001
3999
2000
1984
2000
3003
2010
4999
999
1000
2986
1995
1998
2021
998
2000
2000
1999
2000
979
3003
996
2023
2997
1999
2000
1999
999
3982
3019
1999
999
1000
3000
1999
1985
3997
3016
1999
1000
1000
1999
3986
1997
2993
2998
999
1999
2000
1000
1002
1000
3002
4018
2000
2000
999
2999
3979
3002
999
1000
2999
2000
1999
999
2002
4001
997
2999
1999
3000
3000
3999
2018
2000
1999
2000
2999
1998
2016
1998
2000
999
1000
2001
998
999
1987
2995
2016
999
1999
2000
1999
997
1981
1000
3003
2015
2000
1999
1999
2000
1999
2979
1999
2006
3013
2000
3999
3000
2004
1989
1999
1000
3023
999
1999
1985
999
5015
1000
1000
2999
2000
2986
4014
1981
999
999
1000
2994
2999
2005
998
998
2004
2998
3019
999
2000
2985
2000
1991
1022
999
3000
999
2000
1999
4982
5017
2999
1000
1999
2985
4993
3021
2000
1000
1999
2985
2000
994
4021
2999
2001
999
2000
2984
1997
3019
1998
999
1000
2000
1999
1982
3998
1019
3000
999
3000
999
3984
1997
2004
2013
0
2999
1999
1000
2000
1979
7003
1995
1999
2001
3002
2998
3001
2998
1999
1997
2005
9000
4997
2998
5003
1996
8018
3987
1996
8015
999
4985
1999
999
3997
1000
1999
2017
1000
4982
1999
1998
1998
2000
3024
1997
984
2998
3017
1000
1999
1999
2981
1998
2999
2999
1000
2018
3983
1000
2000
2015
1984
1016
1998
1000
2000
1002
1002
1983
1995
2018
2000
2979
1002
3017
3001
3999
2000
1981
2017
1999
1001
1981
2994
2000
1000
4022
4999
981
2998
5003
1997
4019
2982
2002
2997
1997
2007
2994
2999
4001
3999
3002
2995
6002
1999
7997
4002
3001
6000
2993
2000
6003
3000
6000
3001
5998
7003
2999
2001
1999
3998
7003
995
4004
3995
1995
0
1999
3000
1000
3006
3994
2997
2000
1999
3003
3001
2998
4001
4000
998
8003
1996
2003
2996
8000
2001
2997
2002
3997
2003
3003
2995
1997
3006
1997
1000
1000
5997
4999
5001
997
4999
4001
3998
997
2000
3003
3000
4001
1998
2996
2002
2003
2997
4001
2001
2997
5004
4997
3002
1999
4003
9996
3999
3006
6992
2999
2000
999
1999
7003
2996
3002
4000
3003
1997
1998
3996
3000
1002
4004
0
1999
1997
2996
1999
1000
1000
1000
3005
3996
2001
1995
3000
1002
997
1000
2000
1002
3002
998
1996
1999
2000
0
2000
3003
2002
3996
2021
2000
1999
3978
1002
2002
1997
999
2002
4019
1999
1999
1999
2978
2000
999
2000
3003
996
1999
6004
2996
4002
1997
3000
1002
2002
3999
998
2997
3000
1999
4003
2997
1002
1999
2997
1999
5003
998
3000
3002
4998
5000
1998
4002
1997
2000
3000
3003
3999
2994
2000
3000
5003
5999
1996
1999
2000
999
4002
3005
998
1994
1999
1000
2999
1000
5005
3996
3000
2000
3000
4007
2019
3998
2999
1999
1999
2000
2000
999
1000
2003
3015
2000
2998
2000
2999
1980
2003
2997
4000
2999
1999
1018
2985
997
3016
999
1000
1999
3000
1983
1994
2002
3008
1011
3000
2000
2000
1999
999
1982
3996
1998
3000
2023
2999
1986
2993
3020
2000
3999
2000
2985
3996
2017
2982
3019
2977
7005
3992
2001
999
4004
7001
3018
3000
4990
1988
3003
1996
2999
7001
3997
4019
3999
4986
1998
1997
1999
1000
1999
2000
2001
4998
2019
999
4000
2999
2981
4003
997
2999
3000
2000
1000
5000
2000
2995
3000
3999
1000
2999
3000
2998
2999
1999
2006
1998
3002
996
1999
2997
1999
999
5004
1999
2999
1000
2999
3000
5001
2999
999
1000
2999
3000
1999
4002
2994
1999
2002
1997
1000
3007
5991
2998
3000
3003
3001
3004
1996
3000
1999
3000
3008
995
2991
998
1999
4008
1997
3003
2993
2999
999
2000
3998
2001
3000
2007
1992
1999
2007
1993
1999
2002
2996
2022
998
3000
2000
1999
2000
2986
1994
1998
2998
3004
2000
2000
1002
2995
3005
2015
6999
1978
3001
3001
3018
1999
1999
2000
1987
1997
996
4020
1999
3000
1999
3985
1997
3003
2996
2000
1000
2999
2995
4023
1999
1000
2000
3999
2985
998
2003
6993
8003
3017
997
2000
1999
2006
993
2986
4994
3002
2000
2017
2001
2984
4999
3014
2000
1999
2000
1984
4000
2015
1998
2000
999
3000
2000
3979
3021
2999
999
2000
1000
2000
1983
2992
1999
1999
1999
1999
2000
2000
3004
2999
3020
1999
3986
1997
3998
1999
3000
1999
2018
2985
1999
2015
3000
1999
1000
1988
2011
3994
3022
1998
1999
2000
2000
1985
998
0
3999
0
2999
1000
3018
1999
1985
4999
999
3001
1998
2001
1985
1995
1998
2998
3004
1999
3000
1000
3003
1993
4021
1999
1999
1999
1986
2996
998
3019
3000
1000
1999
2985
3000
4017
1996
2999
3000
1985
2995
3019
2999
1999
3000
2985
3000
3013
3000
2000
998
2985
1998
3997
1999
2000
1999
1999
5005
5014
999
2999
2000
2982
3001
2000
2992
1000
2999
3000
2002
3009
1993
3020
999
2999
4000
985
4999
3014
4999
1000
1978
5022
1981
2017
1999
3000
3981
3003
4014
2001
2999
3000
4980
997
2998
2000
2000
1999
2001
1998
1003
1999
999
2000
1999
3985
3994
2997
2000
2000
1000
2000
4007
1994
1001
4017
2000
3999
3983
3017
2999
1999
1982
1997
3005
2000
1995
1998
3000
3022
998
1999
4982
3017
3000
1999
2982
4001
2015
999
2000
2001
999
1999
2985
2998
2000
1998
3000
4002
5003
2995
3001
2995
2010
1990
3002
2999
5020
5999
5978
5022
2998
4986
2994
4018
2999
1999
2000
2985
4003
2009
2000
2000
2999
1982
2997
2020
2999
1999
2000
3001
2980
4021
2996
4000
2000
999
1982
1996
3021
2000
999
3000
2983
2996
4998
1998
1999
4000
3003
4005
2015
3998
3000
2000
2981
2998
2019
3000
3001
1999
3987
2998
2014
1999
1999
2000
4982
1994
2999
3999
1000
1999
5003
4020
1999
1999
2999
1999
3000
5980
2019
2000
2000
2000
2981
3999
2000
2018
5985
997
3996
2998
2000
2999
4022
2981
3018
1999
1999
2000
4011
1988
4976
3024
1998
2982
2019
2983
1996
4017
1999
1984
1997
2000
3001
1998
1999
3000
2004
3996
3002
5003
2996
999
1998
3000
3002
3994
3024
2996
999
1001
3983
2994
2020
2979
4000
1996
3007
4999
2997
1999
6000
4996
2021
2000
1999
2000
2000
7982
3000
998
2000
3999
9019
2979
3006
5995
4995
4000
7001
3001
2000
4001
999
4998
4003
1994
2999
4002
4998
2002
2997
3000
1000
1999
4000
997
2001
3998
2000
2000
2002
4001
3002
3998
2000
2002
1994
2007
2992
2022
3999
2999
1999
3983
3017
998
3985
2996
1999
3004
4991
3004
2020
1999
2983
2017
2980
2000
1999
3000
999
3004
3000
3014
2000
2999
1999
3983
1995
2019
1999
4000
2999
2986
6014
2999
2001
1999
1984
2999
4016
4999
2000
1985
1999
2995
3020
3000
1999
1999
3983
3002
2014
2000
1999
1999
1000
3983
3001
3013
2000
1999
2002
1998
3979
1999
2996
3000
1999
4010
1997
4016
2999
2999
2000
2985
3000
2000
999
2999
1001
2982
3002
2994
2997
1000
2999
3024
2982
2995
2997
2999
3002
1997
1000
2003
3006
2013
2000
1999
3999
1999
2979
3020
2999
2000
2999
1000
1978
3005
1997
4011
3008
2000
999
1000
2984
998
3017
1979
1996
1999
2999
3003
2005
4015
4999
3000
979
3004
4015
2000
3000
2000
2978
6024
1996
1999
2999
1000
3981
4998
2000
1999
3004
4996
2017
2998
1000
2000
2000
1984
3001
3996
2998
2998
2999
4005
3995
4002
3001
2999
2997
1998
1999
2000
1998
7007
1998
2014
999
3999
3000
3981
3000
1997
1999
2000
2999
4003
1996
2999
1999
4000
3006
4996
5002
1999
4001
2997
4998
2000
2999
3998
10000
3005
1998
4000
2993
2002
5999
5003
2000
2998
5996
2999
2003
2998
3000
1998
2005
2998
1000
3002
3000
1003
4015
1998
2998
3000
3978
3021
2981
3000
1999
7005
3015
2999
2000
999
3983
1998
4017
1999
1999
2000
2999
1005
5014
3000
2000
1999
2985
4998
1994
1998
1000
2022
1000
1999
1985
2993
3020
1999
1001
1998
3000
3986
3993
2997
2999
2000
1999
3008
1996
4018
3000
1999
2999
4000
1013
2999
2000
4000
4978
2000
2997
3000
2000
3007
3000
4017
1999
3000
3999
2984
3016
1999
999
3001
2979
2999
3020
2996
1000
999
1999
4022
3982
2001
2999
3000
5004
1999
1995
2019
6999
1000
3984
1994
3019
3000
1999
3000
2981
1995
4018
1977
4999
4003
1997
1998
2000
5000
2000
5005
5019
2999
999
5983
2996
2995
3999
3000
6003
4016
2999
3000
3982
4018
1998
1999
2000
2987
4002
2013
1998
1999
2000
3000
2983
3000
3018
3999
1999
2980
4005
3026
1989
4000
3984
3002
4012
2999
1999
3000
5979
2002
3998
1000
2999
4998
4004
3015
2000
3976
4007
2015
998
2999
4000
1999
2985
3993
2998
1999
3023
2979
4000
5020
3000
1999
2985
2996
4000
1999
2002
3000
2001
2999
1999
2999
3998
3022
4999
1998
2981
2995
3999
2002
2997
3000
3003
7021
1999
2999
2000
982
2995
2001
4020
2999
2999
1986
4997
2016
3000
3999
3985
4018
2996
2000
3000
2981
2999
5020
1999
2000
4983
5997
1999
2999
5999
2999
2996
3000
1999
3000
1002
5002
3019
3000
1999
3984
3994
3019
2000
3999
2000
4001
3998
3000
2999
3981
1995
4022
2999
3000
3983
6015
2000
2999
3001
7980
2998
2997
3023
4000
1998
3000
1999
3001
3979
4001
4004
1998
3017
4979
5024
4981
1995
2999
3020
2972
3018
2998
2000
2981
5018
1984
3997
2000
4001
3000
4003
2999
3000
6004
3015
2000
2999
3976
3001
4000
2020
1998
3000
3001
4978
3019
2000
1999
2000
2984
6015
999
2999
3001
2985
3994
3020
4999
2001
2982
3997
4018
2000
999
3000
3982
3004
5014
3000
1999
1982
4002
1000
4013
3999
6977
2000
3999
2000
2999
4004
2999
2019
3999
1999
3983
6017
1999
3000
3979
3000
3002
2998
2999
4019
2983
2997
2017
2000
1000
1999
2999
3984
3998
1999
3998
5999
2998
1998
1999
2026
1997
3000
3983
3015
1979
3019
1000
999
1985
4016
1998
3980
3999
3004
4004
2992
1998
7002
3996
6021
4981
4001
1998
5997
2003
1998
4001
3001
4013
5000
3985
3997
2000
3997
3000
3001
3998
3998
5000
1000
6000
2998
3001
2995
6001
6000
3000
5002
4999
2996
5998
5003
2998
1998
3001
1999
6004
3994
2999
2000
3000
5002
3000
2996
2999
2005
4000
3001
3002
1997
1003
4998
3000
2997
2999
2003
1997
4003
5997
1000
4024
1998
1981
2999
2019
1999
3000
1999
3986
2997
4016
2999
3000
3000
3978
5021
3999
2999
2980
2998
1999
2024
2997
1999
3980
3998
3003
1999
3000
5005
3015
3999
1999
3000
3978
2999
2021
1999
2999
2999
2984
4015
2000
3000
3000
3979
5023
2996
2999
1999
2985
2998
4016
3001
3999
2000
4001
3998
2999
4000
5001
2977
2998
3000
3000
2001
4001
2020
2999
2000
1999
2000
3979
3007
3012
3000
2000
3985
3994
4020
3000
2000
2979
2997
3000
1999
1999
2999
2025
3977
3997
1999
2000
2000
3024
2979
1997
4020
2999
2001
1999
3983
3000
1999
4000
1997
4003
4999
4004
2995
2999
10003
1998
3998
4000
6000
3999
2000
1985
2996
2017
3000
2000
2000
2979
4000
4006
2991
4004
4005
5989
2999
2000
2999
6004
6017
1999
3986
3996
2999
2997
2000
2000
7007
3010
1999
3000
3984
1998
3997
2000
2999
3000
5002
5004
5996
4002
4001
4015
2000
4985
2997
4016
4001
2998
2982
4002
1998
2000
3002
3003
5995
3022
3998
3999
5978
3021
1998
4000
1999
4001
2018
1998
4001
2999
3986
5013
3001
3999
1999
3979
1998
1998
1999
4000
3001
3000
5020
1000
2999
1000
1999
3986
2996
999
2999
4000
1999
3998
5021
2000
3999
3979
2002
3998
3020
2996
1999
2986
2999
2992
3025
2998
3983
4996
4003
2998
1999
2998
4000
4022
2999
3000
2983
2995
2996
2999
2999
3000
3003
2998
3998
3000
2000
3000
1000
0
1984
2000
2997
0
2017
999
3000
0
1000
988
2012
4977
1004
0
2995
2000
3023
0
1000
1998
0
2981
3996
2999
3003
1997
1000
6025
4981
4016
2997
4981
0
2004
1013
1000
2000
1000
999
2000
2985
1998
2000
0
999
1000
2000
2999
1000
2986
0
6016
998
2000
1999
1000
999
2002
0
3980
3020
999
0
1999
1000
1998
2000
999
1986
0
999
1997
3003
0
1999
0
1000
2996
2003
0
1001
2999
3994
2019
1999
3000
3000
2985
2996
3999
3000
3000
5004
3022
3002
0
997
2000
1001
997
3977
0
2000
2999
3000
0
999
2000
1000
983
2995
4019
0
4000
0
1009
2970
2998
3997
999
3000
0
1000
999
1000
2998
2998
1002
1999
2999
999
3997
1022
980
3004
1992
3998
3006
2017
2981
2997
1001
4018
2983
1999
1000
3996
5020
1000
999
1000
1999
3000
2985
998
2999
999
1999
1997
2998
999
4002
5020
987
3012
2999
3979
0
5021
998
1000
2000
3000
999
991
995
0
3000
0
0
3015
1999
2000
2000
2000
1986
2992
2002
1018
2998
3000
1999
1985
2000
4017
997
1999
1999
999
2000
1000
4980
1003
3004
3991
4022
1980
3999
2020
2999
2999
1000
1999
1985
3998
2998
1000
999
1999
1999
5001
0
4003
993
6022
3982
5001
1000
4998
2000
2998
2998
1995
1000
4000
3000
5001
3002
1000
3017
2999
3981
0
4000
997
0
2020
2999
3999
8982
2017
3998
3000
996
2018
2999
2000
4000
2985
4995
7017
3984
1000
3999
5998
3000
4003
2999
1001
2995
0
2001
998
999
2019
2984
1998
4018
1983
1016
0
999
3000
1998
3980
1001
3018
984
997
3999
1000
1000
998
4001
2001
2999
0
2017
0
3000
999
1000
985
2999
2997
1002
1016
2998
1999
1001
2985
2995
3018
2999
1000
998
2000
0
1001
999
0
1984
1996
5004
2999
0
1000
0
999
2000
2001
4000
1002
1996
2000
1000
6000
3997
2000
4020
1999
1999
2000
4000
2977
2020
3999
999
999
3984
1997
998
1018
3000
1999
1001
1999
3000
5981
997
1998
3000
0
1999
1000
5002
1006
4013
2000
0
1999
999
3000
2984
997
4999
1999
2000
2018
1999
986
3997
999
1999
2000
2998
2999
0
5000
6001
3000
3002
2001
1994
1004
2998
0
1000
3018
3000
2981
3018
1999
3999
1999
0
2980
3003
2000
0
1015
2000
2985
1997
2000
999
3004
1992
1997
1999
3022
1000
2999
1986
999
3015
982
4016
3999
2000
980
5003
2999
997
1997
1000
0
1000
999
1999
2002
1002
4002
1999
2999
3999
1002
4997
3019
1999
1999
1999
1980
3998
4002
2999
3000
4004
995
998
3997
1000
2999
2000
1000
3002
1000
6020
2000
2999
1999
999
4001
2976
3021
1999
0
3007
1972
2005
3013
1999
3000
3001
3983
3999
1002
2014
2000
1000
1000
3000
2981
2996
3020
2000
4000
1000
1984
3003
3012
1999
4000
4001
1979
6020
1999
1999
3001
0
977
998
0
2999
1999
1000
3022
0
3980
2022
997
0
1999
1000
3983
3980
997
2999
3020
1000
999
1979
998
999
3002
2000
999
0
4002
999
1000
3018
4984
0
999
994
4020
1999
3000
1999
2984
4996
3018
1000
1982
2999
1000
2001
2993
1998
3013
2009
999
1000
2000
985
999
2996
1002
998
999
3018
998
2000
2988
4990
1021
3982
2999
2000
2001
3996
5020
3000
3999
2983
4017
998
3000
1000
1000
999
2000
2985
0
1994
2024
1996
2000
2000
999
2000
3985
2998
993
0
2999
4000
2000
4000
3004
2999
1000
2000
3000
3002
4992
999
999
1999
2000
4002
7004
3995
1000
4020
4980
1000
2018
2000
997
2000
0
1000
1999
2985
2999
1999
1999
2000
1999
2988
995
1000
4016
1000
1999
3000
999
6982
3997
2000
1003
4010
1000
4988
2019
7982
3000
3998
6001
12003
6012
1000
1983
4997
2004
3993
1000
1999
4003
1002
3997
1996
2000
3000
1999
3005
4996
1997
4005
999
0
1000
2000
2999
2000
1996
0
1004
2995
1000
1000
2999
1004
2999
1999
1999
2997
2002
997
999
3006
3996
3997
0
999
1999
2000
4003
4004
3992
3000
0
3000
3002
4005
0
998
2000
2999
0
1000
3000
2983
3016
1999
999
1999
3001
0
2000
1978
2993
1997
0
1000
1000
1999
3999
3002
5000
2000
2001
2000
1996
999
4004
997
6023
2998
999
3988
1989
3997
2999
999
999
2000
1000
4005
996
1000
1000
2998
3999
4005
1996
2000
2996
1002
2997
3022
4997
998
2998
2000
4000
2002
4004
3014
1000
1000
3999
998
2986
2994
3018
1999
999
1000
3000
2000
985
2997
1998
1998
1999
999
2021
1998
2001
2981
2000
1001
1996
2000
3000
1000
2000
2003
999
5000
4002
1997
2000
2000
2000
4001
0
3000
4993
1000
5001
5003
2996
1000
1000
999
2002
2998
4002
995
3002
4018
3984
3998
4999
2000
2000
4001
2017
1000
2002
2999
1000
2999
1980
3019
987
2994
1000
1000
5999
2002
2997
3019
999
1999
1000
2999
1999
2986
2999
1014
999
2000
1000
2001
1999
3981
998
3021
1999
1000
2000
2001
2998
1980
2996
2023
998
2000
3000
999
1999
3980
1998
1999
3000
3000
3000
3003
3020
2999
999
1999
3978
2021
1979
2019
2000
3000
999
1985
997
2001
2000
994
1020
999
1999
1999
4002
1998
2986
3997
1997
3000
4000
4997
2006
1014
2999
3999
999
2985
2993
2001
997
1998
1000
2999
1000
2000
1000
2002
1997
4024
2981
999
3000
0
2001
2002
3015
2998
2994
999
1999
5009
2990
2008
998
3998
1999
3003
2018
4998
2999
2001
4981
1998
1004
1996
1999
1000
2000
2999
2004
3995
2020
2999
2999
1999
2986
997
1999
3016
1000
1999
1999
3001
985
3999
3014
2000
999
1000
3000
2000
1984
2999
3016
3000
3000
999
4001
997
2979
1020
999
3000
0
2000
1000
1980
3997
4998
1000
999
2999
1000
4003
2000
1019
4001
998
1999
1000
4984
3998
2003
1015
3000
999
3000
8981
3003
995
3019
2999
2981
2999
3019
2000
4001
1999
3978
3000
3997
999
999
1024
999
1999
1000
3000
2996
1000
3000
1008
2994
3001
1006
3994
2995
0
3001
2998
4002
4000
1998
2003
2997
1001
999
3000
1999
3016
1985
3014
3000
3985
4014
0
2982
1016
1000
1000
2000
3983
2997
6002
998
1999
1999
3004
5015
999
1000
3000
999
1000
1983
999
1001
4014
1999
3000
2000
999
3984
5015
2999
1000
2000
1998
1001
1001
3980
2018
999
2999
0
999
3000
2000
1985
2994
2022
2997
1000
4000
0
3984
1001
2991
1021
2999
2000
2000
1999
1996
999
1005
3013
999
3000
1000
1999
1000
3982
0
4016
3999
1000
999
1001
992
2997
999
2999
1000
3000
5024
2984
997
1017
999
1000
3000
4000
2981
998
3022
999
2000
3001
1999
3983
4017
2998
1979
997
1000
1999
2002
2001
999
999
2019
2000
1000
984
2996
999
2001
3996
3021
1009
1969
2997
1000
1999
3004
3021
4999
1000
2999
3978
4009
1009
3977
2000
0
999
4003
4001
4018
1999
2999
2985
2017
2986
1999
3001
2000
2985
998
4016
1999
999
2001
1999
3984
999
3999
1997
2000
999
999
999
3000
1003
1999
0
4016
999
3000
1000
999
1999
2985
3997
998
2018
2000
999
2000
1999
1985
2994
2998
2998
2000
2999
1000
4007
4001
997
999
1000
3999
5003
1994
3020
999
999
2000
3982
1000
3000
996
3019
1999
3999
3979
2020
3000
3001
1999
2980
1005
3994
2020
2000
3999
3000
2985
994
2020
1000
999
2000
2000
3000
2985
4015
1981
999
2000
0
4000
3005
3991
2997
1000
999
4023
4985
3014
999
1000
3999
2999
2000
2983
3017
1998
2000
1999
4000
5985
3014
1000
3000
4985
2997
3016
2000
1983
998
2999
1000
3997
3997
999
2023
2999
2000
1981
2003
1998
3016
3000
1000
999
1000
1999
1985
2995
2021
997
2000
2000
2999
3982
5018
2999
2000
4000
3983
4015
1999
2000
2000
1999
6984
2997
1999
2000
1000
2999
3998
3019
0
1999
1999
4000
2984
3994
998
999
3999
4000
4003
1004
4016
2000
2998
999
2000
4981
998
2000
3000
3999
3002
2993
3999
2000
3000
3000
2006
0
4995
2999
3000
4999
5019
2999
3000
1999
2980
3996
2999
3000
1000
4008
1998
3015
1000
2998
0
4000
2978
2006
1994
2020
1000
2000
3000
6980
4001
3995
1000
0
1997
1000
3006
1997
2007
1014
2000
2981
2018
4979
996
3023
1999
2000
2999
4985
5013
3000
2980
2998
3002
5002
3000
3003
996
999
2999
6019
2998
2999
2000
1000
2985
998
5016
2000
2999
1001
3980
2005
5012
1000
4000
2980
0
2991
3005
2018
998
1000
2000
2999
2985
3997
1999
1999
0
2999
4998
2021
3997
1000
2998
2999
2986
3998
1016
2998
1001
1999
1000
3000
3984
3015
4000
3000
999
1999
1983
4998
4002
2997
1000
3999
1999
3003
1001
998
2998
2003
4994
2998
2004
2999
2997
5000
1998
2985
1993
2002
2999
4019
998
4985
1998
2994
5004
998
997
4001
2997
999
2999
4005
4004
4995
1997
4002
3997
4000
5020
999
1982
3017
2999
1986
2997
999
999
4997
2020
1000
1983
2997
1000
1996
4022
3000
999
3986
2996
1002
1998
4017
2000
2000
2981
2998
3022
1997
999
3000
2985
2997
4020
2998
2998
1000
3981
5019
2000
2000
4000
999
2984
4993
999
1000
2999
2999
1001
3001
1005
2015
3000
2998
3000
2984
6014
2999
2000
2000
2002
2983
2992
1023
997
1999
2000
999
3984
3995
1019
2000
2000
1999
1000
2999
2985
4015
1999
1999
3000
2000
3987
3994
1998
1998
2000
5997
3002
2996
3003
1999
4002
4999
5018
7984
5018
6975
3003
3996
4001
5000
5999
2000
1997
4005
2996
5002
1002
2019
4001
2997
4985
7996
6017
3978
3003
5016
5981
3001
4016
3000
2978
3003
2996
4005
5997
2000
5001
4016
5999
3986
3998
1997
1999
3000
3002
2001
7017
1999
999
999
2986
4999
2014
2000
999
2000
2000
2986
5014
2999
2000
3000
4981
3000
2999
1999
3000
5019
2981
3019
2999
2999
3986
4000
1999
999
3000
4982
2004
1994
2996
999
1999
3000
2025
4977
3997
1999
2000
3024
1985
6013
1999
2999
1000
1982
4996
1999
4022
999
1999
1016
1999
2984
3016
4000
3977
1999
2002
2999
3020
999
999
3999
2000
3980
4020
1999
5987
4994
3997
1019
3002
2999
3988
4989
1999
2023
1000
1999
2000
3979
2999
0
4003
1999
3000
2994
4008
3996
2993
6006
3996
4000
2004
4999
2994
1005
2999
3013
2001
4980
4020
1999
