0
0
0
0
0
0
0
0
0
0
0
0
0
0
0
0
0
0
0
0
0
0
0
0
0
0
0
0
0
0
0
0
0
0
0
0
0
0
0
0
0
0
0
0
0
0
0
0
0
0
0
0
0
0
997
0
0
0
0
0
0
0
0
1001
0
0
0
0
0
0
0
0
0
0
0
0
0
0
0
998
0
0
0
0
0
0
0
0
0
0
0
0
0
0
0
0
0
0
0
0
0
0
0
0
1001
0
0
0
0
0
1003
0
0
0
0
0
999
1001
0
0
0
0
0
1000
0
0
999
0
1001
0
0
0
0
0
997
0
0
0
0
997
0
0
0
999
0
0
0
0
0
2002
999
0
0
0
0
0
0
0
0
0
0
999
0
0
0
999
0
0
0
998
0
0
0
0
999
0
0
0
1000
0
0
0
0
997
0
0
0
0
0
999
0
0
1000
0
0
0
0
0
999
0
0
0
0
0
1000
0
0
0
0
999
0
0
0
0
0
999
0
0
0
0
0
1000
0
0
0
1000
0
0
0
1003
0
1001
0
0
999
0
0
999
0
0
0
1006
0
0
0
0
993
0
0
1006
0
0
0
0
996
0
0
0
0
999
0
0
0
1002
0
0
0
0
997
0
0
0
0
0
0
0
0
999
0
0
0
0
1000
0
0
1005
999
0
999
0
0
0
996
0
0
0
0
1004
0
0
997
0
1001
0
0
0
0
0
0
0
0
1000
0
0
0
999
0
0
0
0
0
1000
0
0
0
999
0
0
0
1000
0
0
0
999
0
0
1000
0
0
0
999
0
1005
998
0
1003
0
996
0
997
0
0
0
998
0
0
0
997
0
0
1003
0
0
1000
0
0
997
999
0
0
1001
0
996
0
1002
2004
997
0
999
0
999
1001
1001
0
994
0
0
998
0
0
1000
0
0
1003
0
0
997
0
0
2005
997
6997
0
999
0
1002
2000
1000
0
997
998
1005
0
996
0
1008
997
0
998
0
998
1000
0
2001
0
1001
0
1000
0
0
996
0
1002
1000
0
1999
999
0
999
14000
2002
1000
4998
4999
1000
0
1998
0
997
1001
0
3001
1000
0
998
1001
0
1001
0
996
33000
1001
0
998
1003
998
0
999
1000
0
1001
998
0
999
1001
0
1000
997
0
998
1005
999
0
0
1000
998
0
1000
999
0
999
1000
0
1001
1000
1001
999
0
1000
997
1000
0
3003
997
0
3002
0
0
999
999
0
1000
1001
0
998
1000
1003
1000
999
0
997
1000
1003
998
0
999
997
1000
13001
1000
999
0
998
1000
1000
0
998
1002
998
0
999
6002
2002
996
0
998
0
1001
0
0
997
0
999
0
1000
0
999
0
0
0
0
9000
0
995
1002
1001
0
0
0
1997
6997
1000
1001
998
997
998
999
1003
1000
999
998
0
1001
998
1001
2001
0
0
1001
998
0
996
0
999
0
1000
0
999
2008
997
0
1000
0
995
0
1001
999
0
999
0
997
0
999
0
1002
0
997
0
0
1000
0
1000
0
1002
0
997
1003
1001
1001
0
996
0
997
0
1005
995
0
999
0
1000
0
999
0
1000
0
999
0
0
1000
0
999
1007
0
995
0
999
1003
998
0
998
998
1001
0
999
999
0
0
998
0
999
0
0
0
999
0
1000
0
999
1004
0
998
0
997
0
1012
995
996
998
0
996
1004
1000
0
998
0
996
0
999
0
1000
0
0
1000
999
1003
0
999
0
997
0
999
0
1004
999
998
1000
0
1000
0
1000
1000
0
996
0
0
999
0
1000
0
1000
0
999
0
1004
0
996
0
999
0
1000
0
0
999
0
1002
1000
0
1000
0
0
1002
997
0
1000
0
996
0
999
0
999
0
0
1000
1002
0
997
0
0
1000
0
1002
0
1002
998
0
997
0
1001
1000
0
1020
0
999
0
1000
0
999
985
0
996
0
1000
0
999
0
999
1000
0
999
0
1002
996
0
1006
0
997
0
0
999
0
998
0
999
0
999
1023
0
999
0
999
0
1000
999
0
1000
0
1000
0
999
985
999
998
0
995
0
1021
977
0
998
0
1000
1023
0
998
0
1000
0
999
0
999
0
999
0
0
999
0
983
998
0
1004
0
997
1001
999
1001
996
999
0
996
0
999
0
999
0
1000
1000
0
1000
999
0
1000
1002
0
1000
1002
998
0
1003
998
999
996
999
0
999
1000
999
0
1000
999
0
1000
1000
0
0
1000
1001
1008
0
1992
1001
0
0
1002
1000
0
0
997
999
0
1000
1002
1000
0
999
1999
0
997
1002
1003
995
0
0
999
0
1021
999
0
999
1000
0
1001
0
998
1000
0
999
985
998
997
2002
0
998
1003
1014
0
999
1000
0
998
1000
0
999
1000
0
999
0
1000
999
987
996
998
1002
0
1003
993
0
998
999
0
1000
0
999
1000
0
1000
0
1000
1000
999
0
1000
0
998
2004
1000
996
1001
2001
2998
3000
999
2000
1000
1999
998
0
0
1000
0
998
998
996
0
999
0
0
999
0
1000
1000
1003
1000
999
2000
0
995
999
1001
999
0
999
999
999
1000
999
1000
1002
995
999
1005
1002
1000
995
0
1003
998
998
1000
999
0
999
1000
999
0
1000
0
1001
995
999
1004
997
0
997
1000
1000
1003
0
998
997
0
1002
1000
996
0
2002
0
997
999
0
1000
1006
999
997
998
999
1000
1006
1014
999
0
999
1000
980
0
1019
1000
0
999
1000
0
1000
985
995
1000
997
1001
998
999
0
999
1000
0
1000
1007
998
1001
999
1000
999
1000
2001
998
2003
995
1002
999
1997
996
0
999
999
1000
999
0
2003
1002
997
998
997
1001
999
999
1005
995
999
999
0
1000
999
1003
0
1003
2000
0
998
1001
997
998
1002
997
0
1000
999
999
0
1000
999
1000
0
999
1000
1007
998
996
0
1001
0
1999
0
997
999
0
999
1000
999
1000
0
1000
1000
1000
1002
998
1002
1000
2001
995
998
1000
999
1000
1000
999
0
1000
999
1000
1000
1002
1001
1000
2002
1998
994
0
999
1000
0
999
1005
994
999
0
1000
2005
999
999
1001
1001
997
996
0
0
1000
1000
1002
0
997
999
1000
0
1000
1000
1010
994
3002
2998
998
999
999
1000
998
1001
0
997
998
999
1006
2000
1000
999
997
0
1018
1002
1000
999
999
1000
0
1000
1000
999
1984
2016
998
1979
1001
1019
0
999
1000
1000
0
1000
1986
997
0
1001
0
993
1000
1020
999
1000
999
1000
0
999
1000
1000
1000
999
979
2001
1998
999
2002
999
1001
999
1001
1001
999
999
1000
1003
998
997
2006
995
2000
1000
1002
999
999
1001
998
1000
999
1002
998
998
1004
1993
0
999
1000
1020
998
1000
1000
1000
1000
1982
1002
997
998
3000
998
1998
1000
2021
979
997
999
1003
996
999
1000
1000
3009
1994
2000
2000
3001
1999
2994
3004
999
1999
2006
2993
1997
3000
2003
999
2001
999
999
996
2999
999
1000
1001
1000
997
1005
1997
999
1004
996
997
999
999
1004
996
1002
997
999
1002
998
999
1005
1998
998
1000
1004
1007
997
997
999
1000
999
1000
1000
1002
1000
1996
1000
3002
998
1998
2004
1993
11001
2000
2998
1998
2006
2995
1999
998
998
998
999
1000
999
998
1000
2009
1990
2004
3005
996
997
999
999
1000
999
1000
1999
3007
995
998
998
997
1001
998
999
1000
1000
999
2002
999
2001
1001
1997
1001
999
0
1999
1000
999
1000
1000
1999
2003
997
997
1000
1002
1001
999
996
2001
1000
999
999
1000
999
2005
996
996
1000
1009
996
996
999
1002
997
1002
997
999
1000
999
999
2009
991
999
2006
996
996
0
1000
999
1000
1000
1000
1000
1003
2003
1000
999
1000
997
1994
0
0
1000
999
999
1000
999
1000
2005
999
999
1000
1000
1000
1000
1006
995
999
2007
1001
1996
996
1002
998
1000
1000
999
2000
1020
999
1000
997
1989
995
998
995
1998
998
999
1000
1000
1000
1023
1000
1000
1008
991
1980
1003
998
996
998
998
999
1000
999
2024
997
1000
999
1000
1000
1984
1000
998
1998
999
1000
999
1000
998
997
999
1000
999
2005
1997
997
2002
1021
1985
1015
1999
1000
999
998
1984
1005
1993
996
1006
1013
2000
1000
999
1000
999
1000
1000
2000
984
995
1004
1994
1020
2000
999
998
1000
999
999
1000
1000
999
1000
997
1997
2001
1022
998
999
2000
999
999
1000
999
1000
984
999
1001
998
1997
1020
1998
1000
1000
999
1000
1000
1000
1985
996
2000
2005
1012
999
1000
998
1000
2000
1000
1000
999
1003
1983
997
2002
1014
999
1000
999
1998
1000
999
1000
982
1018
1983
1996
1005
2016
999
999
999
999
1000
1000
999
1999
1000
985
1995
2999
997
998
1000
1000
999
1000
1000
999
1000
1000
2002
1006
1993
1006
1014
1000
999
999
999
1000
999
1000
999
2984
1002
996
2000
999
1000
999
1000
999
1000
999
1000
999
2004
1993
1007
1996
999
999
999
1000
1999
1000
999
1996
2003
997
999
1000
2022
999
999
1000
999
1000
1999
1000
999
1984
1000
997
2000
999
999
999
1000
1999
1000
998
1996
1000
1001
2000
998
2001
998
1000
1999
1000
1000
1980
1004
1993
999
1997
999
1000
1000
2024
998
999
2000
985
2000
998
1999
998
999
999
2000
1018
999
999
1000
1999
980
1000
2000
998
1021
1000
998
980
997
1000
1000
1000
999
2000
1002
1001
2005
999
998
2019
1999
999
1000
1999
999
980
1998
996
2000
998
3003
1999
999
1020
1999
1000
1985
998
1996
1019
1985
1014
999
999
1000
1000
1000
999
1980
2005
998
999
2017
990
2011
999
999
1000
1999
1001
999
1983
1001
2000
2000
1013
999
1000
1999
1000
999
2000
999
1985
998
1000
2002
1994
999
999
1999
1000
1000
1999
1001
1998
1998
1999
998
1999
1000
999
1999
1000
1000
2001
1001
2000
2003
999
1999
1000
1000
1999
1000
2002
1998
998
2002
1998
1000
999
2000
1000
1999
1000
3000
2001
1995
2002
1000
999
999
1999
1000
1000
3001
996
2000
1007
2014
998
1000
2000
999
1000
1999
979
2000
1998
2004
999
1998
1000
1000
2000
999
2000
1000
1997
1999
1003
1998
1000
1000
1999
999
2000
1997
2003
1996
1003
1002
996
1999
1000
2000
2002
4002
3005
1996
1995
1000
3001
1999
1998
1000
1996
1000
2000
999
999
1000
2000
2006
996
3006
1000
1993
2000
1999
1000
2000
997
1999
1000
3005
1998
2000
1998
2003
996
996
1999
1002
997
2003
2000
2000
995
2006
994
1999
999
999
2004
2999
1996
3004
1997
998
2000
1000
2000
1999
3005
4997
1996
1002
1996
2000
3009
2994
997
1998
1000
2000
1000
1999
1000
2003
1997
2004
1993
999
2000
999
2000
1000
2005
1996
997
2001
998
1999
1000
1000
1999
999
1000
2005
2998
1999
1997
999
2000
1000
1999
1000
2002
2004
1996
2000
2999
2997
3005
3000
1999
999
1998
1998
2000
1000
4006
995
3002
998
1998
1000
1996
999
1000
2002
997
1002
2002
1997
2000
1999
999
997
1001
3999
2999
3006
2996
1000
999
3002
999
2001
3999
2996
2000
2002
1998
1997
1000
2002
3002
2999
3000
7000
6002
5996
2998
1999
2005
1999
2997
1997
999
1999
2000
2003
3002
2998
2995
2001
997
1999
2000
2003
1999
2000
2000
1996
1000
2000
2000
1000
2002
3002
1998
1996
999
1999
999
999
1000
3003
1999
2000
2000
1996
1000
2000
999
2000
2005
1998
2000
1000
1997
1000
1999
2000
1000
2002
2001
2996
1999
999
1999
1000
1999
2004
999
2001
2997
2002
999
1002
997
2002
2001
1996
1000
3003
1999
2000
996
999
2000
1004
1998
998
2001
2002
1995
1002
3001
2996
7002
4000
2994
4004
5000
3000
4998
2000
997
1000
2000
3001
997
3003
4999
3005
1993
4006
1999
3993
2998
3001
3004
2996
2997
3002
1000
1996
999
2009
2994
3002
2994
3999
3000
3007
2999
997
1997
2000
2001
1998
5006
4999
998
1002
1997
1000
2003
2002
1997
2000
996
1999
1000
1999
1000
2001
999
2997
2002
1998
998
2002
1998
1000
2002
1998
1999
1999
1003
1996
1999
1999
1000
3000
1999
3006
996
1996
1000
2000
1000
3004
3002
993
1998
1999
1000
1999
1000
1999
2005
2000
2000
995
2020
1999
1001
1998
1000
1984
1997
1001
2996
3005
1015
1999
998
1000
3000
1000
1985
1998
2000
994
1998
1000
1999
2010
1013
1000
1983
1999
2012
1004
2000
999
2000
1999
1000
2000
1982
1995
2001
998
1999
2000
2023
2000
1000
1985
1998
1001
1993
1998
1001
2007
1995
1000
2000
3000
2001
2002
3001
2014
999
1999
2000
1985
1998
3016
1981
1995
1999
1000
1999
2002
1000
1999
1021
2975
999
2000
999
1999
1999
2002
2003
1995
2020
1998
1999
999
2000
1985
1998
2000
2001
998
1999
2000
1999
1000
1999
2003
1999
3998
1999
1000
2002
1998
3001
3001
2019
2000
1999
1000
1999
1984
2000
2996
2018
1000
1999
1000
2001
1999
998
1985
2001
1995
1999
2000
1000
2000
2000
1000
3999
2003
1997
1995
2000
2000
999
2000
6002
4001
3002
993
2003
1998
2000
1004
1997
1996
1003
1997
1000
1999
2000
5007
1995
1999
999
2000
1999
2000
3004
1998
1995
1997
1000
1999
2000
4013
3989
3002
3001
1998
3000
3000
1998
3000
1999
1999
2003
1998
1997
4000
2999
1997
1999
1000
2005
1995
2002
2000
2000
1995
2002
997
1999
2000
1999
2004
2998
2998
999
1999
3001
1999
2004
2997
2000
2001
3002
3017
997
2001
2981
1999
2018
2987
2011
1000
2000
1983
2999
2000
2016
1983
1999
1000
1999
2000
2002
2000
1997
1999
2002
2002
3000
1995
1999
1999
1000
1999
2001
2001
3000
1997
1999
2002
1997
1999
1000
3005
2999
2014
1000
1999
2000
999
2000
1985
2995
2002
1998
1000
1999
2000
2000
2002
1998
5004
2997
2001
1998
1999
5001
1998
1998
1999
1999
1000
2000
3003
2000
1996
998
999
2000
1999
1000
1999
4008
1996
2997
2001
1999
1000
2001
3006
2992
1022
1998
2000
1000
2000
1000
2984
2001
2000
2011
1999
999
2000
1999
1999
2984
1998
3019
1998
999
2000
1986
1997
2000
1999
2000
1998
2000
2000
2017
2000
1982
2999
1999
2021
2000
999
2000
1999
1000
2986
1996
1995
1000
1999
2025
1998
1999
1000
1984
995
1999
1998
2023
998
2000
2000
1000
2981
1998
2006
2013
1999
1999
1001
2000
1981
2001
3017
2980
1020
1999
1999
2001
1981
1996
2005
2993
1999
1000
2000
2000
2002
1997
2003
3021
1999
2000
1999
1999
1979
2002
3020
1996
2000
2000
999
2000
1986
3014
2983
2002
2001
1993
2019
1999
1984
2995
2020
999
999
1999
2000
1999
3982
1997
4021
1981
2018
1999
2983
1995
2001
2019
2000
1999
1985
3997
3999
4999
8001
4998
2997
1997
2000
3006
2998
2001
3015
1998
1999
3983
2995
2001
2018
2000
2000
2000
1998
1985
2996
2000
999
2000
2000
2000
1999
1000
1996
2001
2015
2000
2000
1984
2016
1980
3001
2000
2017
1999
1999
1999
2000
1983
2001
1998
3017
1000
3002
1999
2001
1985
2993
3022
1998
1999
1999
2000
999
2984
2016
2000
1999
1000
2001
2000
2984
2995
2020
1999
2000
1999
1999
1986
1996
3017
1980
1996
2000
1000
1999
2000
3002
3003
1993
1999
2000
2000
2000
2002
2000
3007
2995
1999
1997
1999
3002
4001
2015
1998
2000
1998
2000
2984
2998
2016
2000
1999
1999
1000
2000
2983
2000
2016
2000
1999
1000
2002
2000
1981
3998
1997
1999
1999
2000
2000
2001
2007
1996
2017
2000
1999
1999
2000
2000
2982
1997
2019
2000
2000
999
2000
1999
2983
2994
1999
2000
1000
1999
2000
2000
2002
1999
3021
2000
1999
1999
1000
3002
2983
1995
2018
2000
1999
1000
2000
6980
2999
1997
1999
2000
2003
1999
3000
2024
2973
1999
2000
2000
3001
2001
3002
1998
1999
3016
1999
1999
3981
3017
1000
2983
3004
1994
3003
3999
1999
3018
3998
3980
4002
3999
3999
6001
2002
2993
1999
2002
2000
4000
2002
2997
1999
1997
2000
1999
3005
2996
2000
1998
2999
1999
2000
3003
3001
1997
2000
2000
2999
2002
2999
4000
1999
1996
2000
1999
3005
2999
2995
2000
2000
1999
2000
2002
3002
1998
2998
2000
2000
3000
2000
3001
1999
2002
1996
2000
2000
3004
1997
2999
1999
2000
1999
2000
4002
2998
2022
1998
2000
2000
3001
2979
2999
2018
1999
1999
2000
1985
1999
2000
3015
999
1999
1999
2000
1985
3000
1999
2016
1976
1999
2000
3023
2000
1984
1997
3017
2000
1999
2002
1997
2000
1985
2994
2020
1999
1999
2000
1999
1980
3002
2019
2973
2000
2022
1999
2000
2000
1986
2993
2000
2021
1999
999
2000
1999
1986
999
2994
2021
2000
1999
2000
2000
2985
1995
3020
2000
1998
2001
1999
3000
3981
3018
1999
1999
2000
1979
3003
3016
1999
1999
2000
2001
2000
2980
2998
2020
1999
1999
2000
2000
2985
2997
1995
1999
2000
2000
1999
2002
4021
1980
2018
1999
2000
2000
1999
4000
1978
1998
2000
2000
2000
2000
3008
2995
2000
1999
2000
3000
2004
3998
2015
2000
1999
2000
2999
3983
2996
2019
2000
1999
1999
2000
2981
2004
1992
1999
1999
2000
2000
3008
1998
2020
3001
1999
2980
2019
2980
2007
1988
1999
1000
3024
1998
2989
2992
2017
2000
1999
2000
1999
1981
2996
2004
2016
2000
1983
1999
2001
3996
3000
2998
3021
4000
3000
3018
1999
1999
2999
1999
1986
2996
2016
2000
2000
2000
1999
2985
1999
2998
3018
1999
1999
1999
2000
2984
1997
3000
1998
2998
2019
1984
2002
3013
3000
2000
1999
2000
2987
1998
4000
1995
3000
1999
2999
3019
4000
4003
3995
3984
3998
1998
2000
2000
2000
2999
5999
3999
4001
5001
4021
3999
3975
5002
3996
3999
4000
3001
4019
3998
4981
4000
2995
1999
2000
2000
3003
3999
4001
1998
2998
3001
3001
3001
1998
2999
3002
3000
2995
4001
5002
2997
3999
3002
3995
4002
4003
3997
3996
1999
2000
3003
3003
2005
2989
2005
1995
2999
2006
3994
4007
3991
3006
2996
2001
2998
1997
2999
2000
1999
3002
2001
3003
1995
3000
1999
1999
3997
4006
1993
2000
2999
1996
5000
3001
2999
3997
5000
2002
2997
2003
2997
5000
3994
2999
1999
3000
3004
1999
3000
1996
3002
1997
5007
3991
1999
3001
1999
2001
3999
3020
1999
2000
1999
2982
2994
3000
1999
2001
1998
1999
4004
3999
2022
2998
2000
2984
2999
2995
2020
2999
1999
2000
2978
2006
3014
1999
2000
1999
2000
2000
2985
3015
1975
1999
2000
3008
2998
2996
2000
3000
2000
3019
3984
1998
2997
3000
2997
1997
2005
2998
2997
1998
3000
2005
2999
3004
2992
3022
1999
2999
2000
2983
3000
2014
2009
2989
1999
2981
2004
2996
2018
3000
4000
3981
7017
1981
3001
1997
3001
2000
4001
7004
4994
4000
6018
1999
2979
2003
3016
1999
2000
2000
3000
2984
2999
1998
2999
1999
2000
2999
3016
2000
1999
3000
1999
2984
2995
2020
2999
2000
2000
1999
3981
3019
1999
3000
2000
1999
2982
2999
2998
2000
2999
2000
4003
3004
2011
2999
1999
2000
2998
2983
1997
3019
2000
2000
2000
2978
4022
2998
2000
1999
2000
2982
3002
1996
2018
2000
1999
2983
3002
2994
3002
1999
2999
2021
2981
3015
2999
2000
2999
2000
2000
2983
3016
1999
3000
3000
1999
2984
2992
1999
1999
3023
1998
2984
2999
2016
2000
3001
1999
1999
2985
3000
2014
2999
2001
3000
1993
2987
3000
3001
2997
2000
3002
1997
3017
3999
2000
1999
2981
3000
2018
2998
2000
3000
2001
2980
3000
3019
1999
1999
3000
1985
2999
3001
2995
2000
1999
2000
3997
3004
2998
2000
3000
3003
3997
2999
3001
3000
4008
2994
2000
3000
4998
4003
2998
2000
2999
3998
2998
3021
1999
3000
1999
3985
2996
1995
2000
1999
3000
3003
2001
2995
1999
1999
3000
2000
4002
2999
1999
1997
3000
1999
3998
2023
2998
1999
2000
1999
3986
3000
2014
2000
2999
2000
2984
2999
3016
1999
1999
2999
3001
2984
1995
3020
1999
2000
3001
2984
2993
1976
2999
1999
3022
1979
4000
3020
2000
1999
2982
1999
2999
2999
3020
2979
1997
2999
3002
2021
2975
3004
5004
3998
4016
3000
1999
3000
2983
3002
4014
1999
2000
2000
2986
3016
2984
1996
2999
1999
2998
3002
4002
2994
2006
5004
5002
3993
2001
2999
4000
4999
2022
3000
2981
4014
3000
1999
3000
2000
3984
3998
2996
3020
1999
3986
3996
2997
2000
1999
3000
4002
3998
2998
2000
2999
5004
1998
3018
3001
1997
3985
3996
2999
2000
2999
3018
3999
2983
3016
1998
2000
2999
2988
2993
1998
1999
2022
1999
3981
2999
3001
3018
1999
2998
2981
3002
3016
2000
2999
2000
2982
3999
2996
2023
2999
1999
2986
2995
2019
2982
2998
2000
3003
1998
3016
2976
1999
2999
3002
4000
3021
2999
1999
2998
2983
2996
4004
1999
2995
1999
5002
3018
2999
2001
2999
2985
3995
2019
2999
2000
2999
3981
4019
1999
2999
2000
2986
3993
3020
3000
2000
2999
2985
2994
3002
1999
3000
1999
2999
3020
2998
2000
1999
2999
2984
3000
2991
2000
2999
2000
3002
3006
2990
2999
2000
4025
2983
4016
1999
3000
2981
3001
2016
2998
1999
3000
2000
3980
3000
2018
2999
2983
1999
3997
3006
3014
2999
1999
2001
2985
2993
2998
3000
1999
2000
4004
4019
2981
2999
2000
4003
2994
3021
1998
2000
2999
2984
2998
3019
1998
2998
2001
2984
3002
2995
1999
2999
2000
3004
4015
1999
2999
2999
1999
3982
4018
1998
2999
2000
2988
3994
3017
1999
1999
3000
2980
2992
2021
3000
2000
2999
2986
2991
2999
2000
2999
1999
4008
3996
3019
1999
3000
1999
3978
2999
1999
2000
3000
3010
3989
2000
2999
2999
2000
4005
4998
3016
2999
2983
4000
4000
2014
1999
4986
3000
2997
3015
2000
2999
2000
2985
2997
2996
1999
2020
2999
2983
2999
2999
2000
2997
2999
3002
3001
3017
3000
2999
3000
2981
2999
4020
1998
2999
3982
3017
2999
1999
2000
2000
3982
4018
3980
1999
2999
3004
3016
2999
2999
1999
2987
2993
4006
2997
1998
2997
3002
4018
2999
3000
2999
2983
2998
3016
3000
1999
3000
2984
6000
3999
2002
3012
2982
2998
2999
2000
3000
3001
5019
3000
2998
2999
2984
3997
3018
1999
2999
3001
3984
4998
3000
2000
3997
4000
4997
2999
4003
6000
2997
1999
4008
3998
3993
3000
1999
4020
4985
3994
5005
3014
3981
4017
2000
2999
2999
3983
3000
3016
3000
1999
2985
3997
3017
3000
2999
1999
2984
2997
3021
3000
1999
2999
3979
4020
3000
2998
1999
3985
2993
2021
4000
3000
2985
2997
2998
2995
2999
2999
3008
2995
3018
2000
2999
1999
3986
2995
3017
3000
2000
1999
3002
3998
3022
1999
2999
2999
3980
3998
2999
1999
3000
5003
3999
6018
2978
4000
3000
2999
2999
3006
3996
3998
2998
4009
3994
3998
3018
3000
2998
3982
3999
3015
2999
2980
3001
3002
2995
2000
3022
1998
3981
3005
3011
2982
3017
2984
2996
3018
2000
3000
3000
2983
3000
3016
3000
3000
2999
3981
3998
3003
3001
3002
2999
3002
3017
3000
1999
3984
3014
2999
2000
3000
3000
2984
3997
3018
2999
1999
3986
3017
2996
3000
2999
2984
5003
3013
2998
1999
3000
2984
3992
2999
2000
3000
3002
4002
2995
2999
3000
3001
4007
2995
4000
3000
4999
3002
2998
3000
2999
10001
5002
3995
3997
5021
2975
4024
2976
4023
2999
2999
3000
2980
3018
2999
2999
2000
3001
2995
3019
3000
3999
2980
4003
3015
3000
3000
3981
3997
3019
3000
2999
2981
4000
3019
2999
3000
2986
2994
3018
2981
3017
2980
3001
4017
3000
2000
2999
3985
3015
2999
2982
2999
3002
3996
2996
3022
1999
2999
3984
3016
3000
3001
2999
2985
3998
3016
2999
3000
2985
5000
2990
2999
1999
3002
4001
3020
2999
2999
2000
4979
2998
1999
3000
3000
6005
5006
4015
3981
4018
2998
3000
3000
3996
3983
3015
3000
1998
4983
2997
2999
2000
4007
2996
3997
1998
3000
4007
5995
6018
5999
3982
4002
6015
5984
3998
2998
3017
2999
4001
3982
4997
4001
5019
3981
2996
2999
4002
3000
5017
3000
2999
3982
5018
2997
3000
1999
4982
3018
2999
3000
1999
3983
3002
3015
2999
3000
5983
3019
2000
2999
3000
3986
3012
3001
2999
3000
3981
3018
2999
2999
3000
3987
3989
2999
1999
3000
4005
3003
3015
2998
2999
3982
3000
3016
3000
3001
1998
5000
3000
2999
2999
4981
2997
3020
3001
3000
3985
3995
3016
2000
2999
3000
3982
4017
1999
3000
3986
4993
3020
2999
2985
2995
5001
8004
1999
3997
7015
3982
4998
3995
2998
4000
4004
3997
4997
6004
3996
3018
3981
3000
3003
4000
2998
2997
3000
4004
3000
3019
2999
3000
3984
3015
2999
3000
2999
2980
3999
3023
2997
4001
2984
3003
3988
3000
1999
3000
4009
3995
3000
3000
4003
3994
4021
2999
2999
5999
3000
4001
2998
2986
4999
3014
1999
3000
3983
3997
3000
2999
4000
3999
3997
2998
4000
5007
2999
3998
3000
5002
2994
4020
2999
2980
2998
3002
3018
3000
2999
2999
2985
4014
3000
3000
2999
3985
3016
2974
3000
2999
3001
4001
3020
3001
2997
2999
3984
3997
3000
2999
3000
4997
4022
2998
3000
4999
3000
3999
3000
3000
3979
4005
2997
3000
3002
3996
3021
2998
3000
2999
3985
3991
2999
2000
3000
5008
3996
3000
2999
4999
4018
3000
2998
3000
3979
2997
2999
2999
3000
4004
4000
3000
4000
3001
4997
2995
3999
3000
4004
4019
2999
2999
2999
4982
3998
3000
2999
8000
5004
3000
4995
6018
5999
3984
4997
2995
3000
4022
4979
4018
2999
3999
4981
4018
2999
3001
3983
4998
2998
3000
4020
4978
3021
2999
2977
2999
4008
2996
2999
4017
2978
4001
2998
3000
3984
3015
4000
3000
3000
4979
4001
4000
3018
3982
4017
2999
2000
3000
3985
3994
2996
3000
2999
4004
3022
3996
3000
2999
4000
3999
2002
2000
3000
3980
3997
2999
3000
2999
4024
3999
2999
2999
2999
4980
3019
3000
1999
3001
4980
3020
3999
2999
3984
3999
3016
3000
2999
3986
4000
3013
3000
3000
3984
5015
2999
2999
3000
4979
4019
2000
3999
2980
2997
3999
2999
3000
3000
5000
3024
3986
3013
2981
3995
3021
6000
5982
2998
4019
2998
3987
3995
3019
3999
3000
3985
3014
3999
3000
2999
3985
2993
4022
3000
3000
3985
4015
2998
3999
3000
3979
2997
2999
2999
3000
5022
3982
2999
4000
2998
4000
4019
3000
2999
4979
2998
2999
3000
3000
4000
3022
3998
3000
5982
3016
3999
3000
3982
4002
4016
2999
3981
3998
3019
3000
3000
3985
3992
3025
3997
2999
3984
2994
3996
3000
3008
4001
4014
3000
3979
4004
3999
3015
2999
3977
3002
4001
2995
3000
4024
4978
4020
3000
3999
2985
3993
3019
2999
3000
3982
3997
2998
3000
3000
4004
4020
3981
2999
4001
3996
4001
4000
3000
4002
5015
2999
2999
3984
3992
2999
2000
3000
4003
4019
2999
2999
3000
4982
3999
2999
3000
3000
4998
3021
2998
4000
2985
3999
3017
3000
3000
6000
4000
3000
3000
4980
4019
2999
3000
3983
3995
2998
2999
3000
5005
4001
2999
4000
4000
6001
3998
4003
4995
4000
7999
6007
6994
7999
7001
4997
7002
7020
6982
4997
3999
3998
5000
7019
5983
6998
3001
5004
4999
3998
3998
5001
6996
7004
8996
6004
5997
5998
3999
5002
4996
3999
4000
5001
3996
2999
2999
5010
2995
2996
4002
2997
5007
3992
2999
3000
5004
3998
3000
3999
4001
4999
2995
3003
3997
4002
3996
3000
3002
3999
4001
4001
4997
2999
4999
6004
3016
4983
3997
4018
3000
3985
3992
4021
2999
3000
4000
4000
2977
2999
3001
4001
4019
3000
3000
3985
3014
3999
3000
4000
3982
4017
3000
3000
2999
5982
3016
3000
2999
4980
4019
3000
3999
2981
3996
3003
4000
3000
4995
3999
4000
4000
6025
3999
3999
3985
3998
4016
2999
2999
3981
3995
2999
2999
3000
5000
3999
3999
4000
4008
4015
2999
4984
4997
4017
2999
3982
4000
4001
3014
3985
2997
3999
4018
3979
2997
3007
4017
2997
3979
2998
3003
4019
2999
2982
3999
4002
3017
3999
2999
3985
3015
3982
4015
2999
3981
3019
4999
5980
6020
2999
2999
2999
3984
5016
2999
4001
3984
4014
2999
3000
4000
3982
5997
4004
3015
4982
3017
3000
4000
2981
5018
2999
4000
3000
4984
3997
4002
2997
6003
4015
2999
3999
3984
4015
2999
3001
3982
3996
2998
4000
3000
5002
3022
3998
3990
4986
3999
2999
4024
3980
5019
3000
3983
2997
3998
3019
3000
3982
3001
3996
4019
3005
2995
3985
4015
4000
3999
3000
3979
3014
3998
3999
4981
3019
4979
2997
6004
5998
2999
6004
5997
2999
4001
5999
4015
3000
3986
3996
3996
4000
2999
5003
5018
3000
3999
4987
3995
3999
4000
4999
4017
3998
4000
3001
7019
4000
2999
5983
3016
3999
2999
4984
3997
3998
3000
4007
5996
4017
3986
5994
4018
3000
4000
4982
3997
2999
4000
3001
6000
3998
3020
3986
4994
4018
3999
3987
3995
4017
2980
3000
3002
4018
4001
2998
4000
4982
4017
3999
2999
3983
2999
4016
3000
3000
4983
5018
2999
3002
3985
3995
2996
2999
3001
4003
5009
3989
3018
3999
4998
3000
2999
3986
5014
2999
4000
2978
5006
4013
3000
4000
3981
4018
4000
3000
4982
6017
3979
5004
5997
3996
2999
8007
4000
4002
8010
3979
3000
5004
3995
4020
3001
4981
3002
4013
4000
4000
4983
4016
2999
3983
4001
4999
5019
3998
4984
3994
4020
3000
3983
4016
3999
3000
3985
6016
2998
2998
3986
5999
2997
3000
5005
4016
4000
3999
3984
4014
3999
3000
3986
3994
4019
4001
3000
5979
3997
3000
4000
4007
3992
3000
4000
5008
3997
4000
5002
4001
4015
3998
4000
4982
4017
2998
4979
3000
3998
3998
2999
4000
4002
4019
3001
3985
3998
4016
2999
5001
3983
3998
3998
4018
3985
3995
3018
3983
2999
5018
3999
4000
2999
3985
4014
3981
4019
3980
5020
3999
2999
4981
5018
3000
3999
2985
4014
4000
3999
3000
4980
4020
4000
2999
4982
3999
3999
2999
6000
5996
4007
4999
5993
6020
5983
5995
5998
5005
4998
4000
5997
3997
3998
4000
5006
3996
3999
4001
5997
3998
3999
4000
6002
3997
4003
5000
4997
3998
6002
6001
4000
3995
4003
3999
4996
3002
2997
6003
3998
3999
4003
3995
3000
4020
4985
3996
4000
3999
6001
3995
4000
4002
5001
4022
2997
4980
4999
3018
4000
2999
5978
4021
3000
3999
5980
3019
3999
2999
4980
4020
3000
3999
3979
4014
2999
4000
3983
4017
2999
3999
3980
3999
3997
3000
4023
3981
3999
4000
4018
3985
4013
3000
3999
3985
3996
4019
3981
3001
6999
5999
3996
4005
5017
3999
3000
3981
4020
4982
4017
5979
4006
3994
5009
6009
3999
3999
3980
5000
3998
3000
6005
4000
5996
4998
6005
3999
6997
5021
3999
3981
4995
3998
4000
4007
5014
3998
4000
4983
4996
2999
4000
4003
5000
3996
2999
6000
4001
3997
3000
5004
3995
2999
4002
4002
6015
3000
3998
3985
4003
3013
4000
4000
3984
4016
3999
4001
4978
3997
2999
4023
4978
3021
3999
3978
4023
3977
2998
4023
3988
4010
3981
4017
3984
3996
4019
2977
4000
4024
4998
2999
3998
4979
5020
2999
3000
6000
4977
2999
3999
5003
4020
4000
2999
4980
4019
3999
3001
3986
4995
3999
4000
5005
4013
3999
2999
4986
4013
3999
3000
4983
4017
3999
2999
4982
4004
4013
4000
7984
3996
4000
4003
3999
4014
3999
3981
7001
4000
5003
7998
3998
7000
6002
4996
4000
6019
4983
4016
5000
4999
3998
3000
4979
4020
6002
7977
5021
3000
3985
4994
2997
3998
4001
6025
3996
4000
3985
5014
4000
3000
4984
5016
3999
3000
4983
5016
3000
3999
4979
4020
3000
4001
5978
4998
3000
4000
5008
4014
3999
3000
4980
4019
3000
4002
4981
3993
3999
4005
3999
4000
4980
4001
4000
4000
5002
4017
4999
3000
5978
4997
4004
4003
6018
4998
3999
4980
4018
4000
4000
3979
5022
2998
4000
4980
5004
3996
3997
5000
6003
3016
4998
4999
3000
4001
5981
4002
3015
4000
4985
3995
3000
3999
5996
4022
2998
4001
4985
3013
4001
2998
4978
5004
3999
4000
3994
5001
4000
6997
5022
3999
4979
4002
3999
3999
5998
5020
4000
3998
3980
4019
4000
4000
4980
8002
15001
6013
4981
3998
3000
4984
3999
6015
3999
3983
5003
4014
2984
5997
5000
3999
4001
6003
3995
5000
6003
4994
3999
5008
3997
3995
4000
5005
4997
3996
3000
5008
3995
3999
4000
7003
4996
5000
6999
4000
5000
5000
4996
3999
4003
5997
3998
4000
3999
4002
3998
4000
4002
4999
4020
3999
3985
4992
3999
3999
4001
4998
4022
4000
4983
4015
3999
3001
3980
5019
3999
3000
4989
3993
3994
3999
4009
6996
3999
5003
5994
4996
5005
7002
4001
4995
8997
3997
6004
4016
4000
2999
6984
4014
3000
5984
5014
3000
4000
3986
4998
3999
4000
5002
3997
5000
5999
5018
3999
3977
4002
4001
4018
4999
3982
4018
5000
4000
3979
4020
4000
3999
3987
4995
3999
4000
5997
5021
3999
4985
3997
4015
4000
3988
3996
4016
3001
4979
6020
3998
3000
4982
4016
4000
3999
3986
5014
4000
3999
4982
4017
4000
2998
6000
5000
3998
3985
5997
4000
3999
5003
4015
4001
3998
4980
4020
4000
3999
5980
4019
3001
5002
4977
4019
4000
4003
4977
4000
3999
3996
4996
3999
4000
6006
4018
4975
5005
4017
4999
3000
5979
4019
3986
4998
5996
4001
5000
8020
4982
5998
5999
5022
4980
5018
4999
4000
5979
4019
2999
4984
3999
4015
4000
4986
7998
4015
4986
5014
3999
4001
5000
3976
3999
4000
6003
4020
3999
3979
5998
2998
4000
6005
4019
4999
3998
5980
4018
4000
3986
5014
3998
3000
4001
4981
3998
4000
3984
5993
3999
4022
3986
4013
4000
4000
3985
5014
4000
4001
4982
3993
5023
2998
4984
4015
4000
3999
4983
4994
5023
3982
4011
4987
3999
4001
4999
4018
3999
4985
4997
3998
3999
4002
5016
3999
2999
4978
4004
4000
5000
5000
4994
4000
5003
6001
4999
4998
10002
5996
7001
5999
11002
6997
13002
11999
6998
8000
7002
7002
5998
4997
5006
3993
3999
3999
6003
4998
4999
7002
4997
5999
7002
4997
3999
6002
6000
4001
7000
7997
7000
5002
4998
8003
5997
7008
9990
8003
5993
4001
6002
5000
4997
6004
5996
5002
7000
5994
5001
7000
5999
4999
9001
5000
7000
4996
3999
6003
4997
5000
3998
7002
4999
3998
7004
4996
3999
4002
5001
3996
5000
5002
4997
4000
4010
4992
4001
3995
4004
5998
3997
3000
6003
5997
3999
4010
5012
3999
4000
4985
5002
3999
5001
4993
5018
4001
3982
5020
4996
3999
3985
5014
3999
4000
5986
4013
4000
4000
4979
4020
2999
5982
4003
4014
3000
5979
5020
3999
3982
5001
4015
4001
4984
3998
3998
4999
6003
4016
4999
4981
4019
4999
3981
4997
3997
3999
4024
4981
5001
4020
4981
4002
6018
7003
7979
5015
3999
4983
4016
10982
10017
3999
4984
5016
4000
3999
5984
5016
3999
3982
4999
3999
4000
5001
5016
4000
3999
5980
4019
4001
4985
4998
4015
4000
6979
4021
3999
5981
5017
4000
4001
4983
5015
4001
7979
5999
4002
5004
5014
4000
3978
8002
4003
5002
6997
4001
5999
5993
4021
3977
6002
3997
4024
4981
6016
4996
4984
5018
5978
4003
6003
4016
5008
4973
5016
3999
3999
4980
5001
4000
5003
5004
5011
3999
4980
5019
3999
4985
5016
3999
4000
4983
4993
4000
5001
6008
4013
3999
5982
4017
4000
4000
5980
4018
5000
5001
4999
3998
5002
6976
3998
3999
5006
4015
4000
5000
4982
4000
4000
5002
4995
3997
5006
5998
4996
5023
5980
5019
3998
5001
5976
4021
4000
4980
5000
3996
4002
6011
5986
4000
5002
5017
4000
4982
5016
3000
3000
4984
5998
3999
5002
5005
4012
4999
4979
5019
4000
2999
6982
4020
5003
5977
5017
4009
3971
4999
3997
3999
5010
5013
4000
3999
4985
5014
3999
3986
4999
4013
4000
4980
4998
3998
4023
4984
4997
5018
4000
4979
3997
5022
4985
4014
4000
3999
5980
6006
4996
4001
3998
4016
3999
4985
3997
4017
4000
4985
5016
4999
3979
6022
3997
4000
4981
6018
3999
3999
6982
4995
3999
6005
4017
3999
4982
5000
4000
5000
6998
5019
3999
6984
3995
3999
9003
5020
3999
6978
4021
3999
3979
4997
4000
3999
5008
5016
4999
4980
5997
3999
5024
3976
4999
4000
9003
6019
5981
4997
5004
5000
5017
6000
4981
7001
5996
5003
5993
4999
5005
4995
3999
4999
5005
4996
3999
6002
5002
5995
4000
6998
5000
4020
4979
5020
3999
3980
6020
3999
5000
6980
4019
4000
6981
5018
3999
4984
4015
5000
4000
6977
3998
3999
6000
4023
4000
4984
5015
4000
3999
4980
4022
4000
4977
4007
5014
4000
5985
3996
5000
5999
5018
4986
5013
5982
3999
4994
5002
5021
4976
4001
6022
4999
3999
4977
5022
3999
3986
5016
4975
4000
5004
5003
4997
5002
6003
4994
5999
7002
3998
6002
6018
5000
5983
5015
3999
4999
5979
4019
4000
5981
3997
4999
4000
6010
5014
5000
7981
10016
7984
3999
5999
7999
4994
8024
4999
4984
4994
5019
4000
4979
4004
4000
4001
5977
5020
4999
4985
4992
4023
3999
4981
5000
4017
4985
5014
4000
4999
4983
5017
4000
3983
5017
5000
4000
4981
5999
4000
5001
5019
4997
4000
4981
4995
4000
4002
5998
4999
5000
7006
4998
4996
7022
4998
3999
8976
3999
6006
5015
4997
4000
5984
4015
3998
4986
6013
3999
3983
5000
4018
4000
5983
5018
4999
4998
4979
4019
5000
4981
4996
5004
5000
7017
3977
5001
5020
5000
4999
5979
6021
3999
4983
5016
4978
9002
5000
7000
8022
4997
4982
5016
4999
5985
5014
4977
4005
7003
4012
4001
4976
6004
5000
5004
6014
3999
5981
6017
3999
4000
5979
5002
4001
6994
5024
6000
6981
3997
4994
5011
4994
5019
4983
4996
8017
7000
4999
3999
5979
5019
5001
4979
5018
4000
5015
4999
3999
5981
5018
4000
4984
6015
4000
4985
5014
3999
4000
5977
5022
3999
4982
6000
3999
5000
6020
4997
3999
4985
5015
5000
4985
5014
4999
4000
5979
4019
4000
5980
4996
4999
5009
5014
3999
3999
6980
4996
4000
6007
5016
5981
4997
5020
4000
7982
4997
5020
4981
5018
5000
4980
5003
4014
5982
4999
5001
5017
3985
4993
4021
4999
4980
4020
4999
4985
5015
4976
3999
5004
5000
5000
5004
5990
5000
5003
6022
3999
4979
5002
5015
3999
4984
4993
4999
4002
6002
5016
5000
5986
4012
5000
7000
4982
3999
6004
4015
4000
5982
6018
5000
4976
5023
4998
4978
4003
5018
4000
5001
5979
5021
4998
4980
5021
3999
5980
4996
5022
4981
4996
3998
5000
6002
7022
5982
6999
5995
6003
5014
4000
4983
6016
4999
4000
7001
3998
4004
5985
5992
5000
7002
6004
4998
8016
4999
4000
5985
5013
4000
6980
4018
4978
7006
4016
5000
4985
5016
4006
5978
5018
4996
5000
6000
3998
4991
5989
5019
5001
4984
4996
5998
5004
5000
5005
4992
5019
3999
5001
4999
5977
5000
4001
5021
6000
4983
5015
5001
3999
4979
6002
4000
5003
5015
4998
3999
5002
4020
5000
4982
5999
4000
6004
6013
4999
4984
5014
3999
5000
4980
5020
5000
5981
5019
4998
5985
5014
3999
4981
6019
4999
4000
9982
11994
13004
7998
5000
9000
5995
10005
17999
6997
5004
5991
4999
3999
7003
4996
5001
6001
5998
5002
7000
4995
6004
5996
3999
4003
7004
4015
4999
5985
4993
4999
7004
5020
5978
6020
5000
3999
7000
4998
4000
6000
3999
5000
5984
5016
5000
5986
5013
5000
5982
6017
4000
7001
5975
4000
6008
5013
4000
4977
6003
5018
5000
5985
4996
5017
4984
4997
5017
4987
6013
4999
4000
5983
5017
4999
4984
6016
3998
4982
6017
3999
4984
4997
6000
6005
7996
7004
6018
5998
6000
5998
4999
5983
4017
4000
4979
8004
4998
6997
9020
9985
6012
4981
7019
5000
5981
5017
5000
5981
6018
4000
4999
5978
4998
4999
5003
5020
4976
5002
5002
5018
3982
5993
5023
4999
4985
7020
8995
5999
4000
5981
6017
4000
5984
4998
4999
5003
6016
4999
4984
7016
3998
4000
5982
5017
5000
6979
5001
5000
5998
5019
3999
5981
6000
5000
6999
8019
9979
10979
5996
5000
9003
4998
6001
6997
6000
8001
8000
6999
5999
7001
8001
5997
9000
8998
9003
6016
5984
6014
4999
6981
6001
4996
5004
5995
3999
6003
5998
4999
6005
10015
5980
8998
6001
8997
5998
8004
6001
6999
7019
4999
7979
5018
5986
9016
7981
4995
3999
6004
6015
4999
5985
4996
4998
4995
6006
4998
5996
5999
3998
5001
6002
6003
4997
6004
5003
4989
5005
7995
11003
8995
5005
5015
5000
4984
6016
5000
4985
7014
5000
4978
6020
5000
4985
5992
5021
4000
6980
5018
5000
5981
5018
5000
9980
5019
5999
5977
4999
7005
4999
7021
6997
4999
7983
6999
4998
7998
6001
5996
6022
4999
5979
6018
5979
6010
5010
5000
7000
5000
5998
5980
5020
4976
6023
5979
3997
5981
6001
5015
5984
4998
4998
4999
7019
4999
4977
6003
5017
5001
6999
3999
5000
6986
5014
4999
5980
5018
4000
5986
5016
4999
6981
6016
3999
5977
4999
5000
6008
5013
5000
4986
4996
4998
5018
6980
5019
4000
5980
5019
5000
5980
5002
5017
6979
5020
4999
4985
4997
5017
4985
5014
4999
5001
6000
4998
5000
5979
4996
5000
6002
5019
4999
4979
4998
4000
7009
5991
6000
8021
4999
5981
5017
6979
20007
8015
6984
6996
4996
6003
6996
4999
6004
5995
4023
4978
6023
4999
5983
5997
4995
4999
7024
4999
5982
5017
4981
5000
6001
4993
5000
6025
5998
4999
7001
4975
3999
6006
5018
4997
5979
5002
5000
7998
4996
4999
7010
5013
4999
5980
5019
4999
5980
5019
4000
5982
4994
4000
7005
4999
5018
5982
5016
4984
4995
4996
6003
10003
5999
5993
5023
5981
5004
4991
6023
5979
5019
4977
5002
6003
5996
10003
10002
7995
6021
6982
4996
5997
7999
4999
5007
5995
4997
5004
6995
4999
4000
7022
5000
3999
6979
3998
5000
7003
4998
7004
5993
4999
7002
5997
4999
7003
4997
5024
5983
5997
6018
5979
5002
6018
4980
6019
3998
5980
5019
5000
4987
5995
5018
5983
4993
5004
5999
7020
4998
5983
6015
3999
5984
4993
4999
4000
7005
5001
5000
6014
3999
5000
7000
5000
3999
6980
5001
5998
6999
4997
7026
6996
4999
6979
5997
8005
6005
5999
6994
5000
6018
6001
4998
6001
5977
5022
5999
6982
5017
4981
4995
6023
3999
4997
5021
4999
5980
4997
6003
5995
5000
5002
6999
6000
6004
6013
4984
5998
5998
5001
7019
4999
4986
5995
4999
4998
6020
5999
4985
5992
3999
5000
7024
5999
4983
6015
4999
4982
4997
5021
5000
6985
4991
5002
6007
5012
6000
4979
4997
5000
6004
6021
6999
5977
6004
4999
6018
4998
5000
5983
5017
5000
5984
7993
8004
5999
6000
9009
10990
6018
3999
6983
5016
4999
7986
4991
3999
8001
4998
6002
6998
5999
6003
5996
6000
8003
5999
8017
5981
6001
6996
5000
7002
6018
5982
5004
6013
5977
5003
4996
6000
5002
7001
6016
5980
5998
3999
6000
6020
5999
4983
5999
5000
8001
4995
6000
7002
5999
7018
5999
4999
6983
5015
3999
6982
4998
3999
6003
5999
6019
6998
4999
4999
5982
5000
6002
6016
4999
5000
7000
4978
5000
5001
6022
4999
4977
6007
5015
6000
5998
4999
5981
6019
3999
5981
5995
5000
5008
6996
5000
7020
5998
4984
6014
4986
5014
6981
5000
6002
7016
4999
6002
5998
5000
5981
6000
4999
5995
5023
4999
6978
7002
3998
8003
6994
13005
7000
8994
5024
6977
6018
7985
16999
9015
5999
5984
5998
6004
6994
4997
7002
6997
6007
7992
4999
7002
6997
4999
7003
4996
5000
7021
6001
4983
6997
6000
6002
6016
4998
5987
6012
5000
6984
5996
4997
10022
18980
13004
19999
12999
6996
7998
6999
9004
6991
6002
5999
5997
7003
4997
5000
8000
5998
7002
5997
5000
6003
5996
6000
9003
5996
8004
4995
4999
8003
4999
6002
5995
4999
7006
4996
4997
7000
5000
7002
4978
6999
5995
5999
6007
5997
7000
6995
6023
6977
5021
5999
5984
5015
6001
5979
6019
4976
6003
5018
5000
5985
5991
6024
5982
4997
5017
5984
5015
4977
6006
5999
6017
5978
5997
5000
5003
7020
4999
6987
4988
5000
7008
6015
6981
6016
6000
5983
5015
4999
5984
6019
5000
5986
6013
4999
5981
5018
5000
5985
6015
6001
8998
6001
5979
6019
4999
5984
4993
9003
6997
5022
4985
5995
6017
4981
5018
6000
5982
7018
5000
5977
6031
4990
5980
6018
5011
5970
5996
5000
9023
4998
5985
5992
4999
5002
7022
6000
6979
6018
4999
5980
5018
5000
6983
6016
5000
5999
6000
4989
6014
5001
5980
5018
5000
5982
7017
4999
6977
6023
4998
9981
4997
9002
6996
7004
6999
9025
5995
5979
7999
5020
5987
5995
5016
4985
6014
5000
5985
5999
5998
7000
8017
5000
6979
4999
5000
7021
5999
5983
6015
4999
7985
4997
4999
7002
5019
4998
5994
5006
5000
6981
5018
4999
6981
5018
6001
6984
6014
7000
5976
6023
6980
5018
4982
8003
6017
5983
6015
5999
5980
6018
6000
5981
6018
4999
4980
6020
4999
5980
6020
4998
5985
6013
5987
7014
5000
5979
6019
5999
4985
7014
5000
5985
6015
4999
8982
5017
5983
6016
5000
6982
7001
5998
8019
8998
8983
4993
9001
6004
7996
6003
6002
9017
6981
8000
7000
8001
9027
10974
9003
10012
9980
6001
6002
7995
5999
8005
5993
7004
7995
6000
8003
5999
6998
5999
6001
7997
4999
7004
5996
6002
7000
5997
7000
5996
6002
6001
5002
7001
11994
6001
6020
4999
6981
6001
5997
7023
5998
7977
7020
4999
8999
5000
9984
5994
8001
8000
8001
8002
7000
5992
5000
9007
8015
7982
6016
5983
7015
4999
8984
5017
6981
7018
6000
6980
6001
6998
8021
5998
5987
6011
6000
5986
6014
4999
7001
5999
5984
6996
5018
5983
7016
6000
7977
4999
6006
7017
5000
7980
8019
7979
6006
5997
5997
6000
7996
5998
7004
6995
5999
7005
6994
6002
8021
5999
5984
5992
6022
5978
5020
4978
5000
7023
4999
7000
4977
4999
6008
6013
5000
6001
5999
5003
6982
4996
6003
7016
5998
6983
6016
4999
5981
6019
5000
7999
4999
5986
6013
5000
7981
5995
5000
7009
5013
4999
6979
4998
5000
7006
5999
7001
5998
7001
7018
5986
6995
5996
6018
5978
4998
7004
13997
10999
6004
9998
8997
8002
5998
8001
5996
5002
7000
5999
6004
8000
5998
7994
5002
7000
5996
5000
9000
5999
8005
6014
7995
10003
5984
5995
4999
7003
5997
5003
6001
5996
8007
7993
7002
9998
9004
7996
6000
7998
5998
9007
5992
5007
6994
5997
6003
6004
5998
7000
7020
7977
7020
5999
6981
5999
6004
5991
6002
8003
6019
5984
7990
4999
6010
6013
5998
6980
5018
5000
8000
5000
5984
6017
4999
6985
6014
6000
5984
5992
6023
5979
5018
6000
6015
5000
6981
6995
6022
5979
6020
4999
6981
6017
5001
7000
6000
5982
6995
4998
6003
7020
4999
8999
4999
6980
6002
6000
9020
5999
7980
6000
6999
9023
8976
5999
5017
5982
6017
5001
5986
6015
5984
6996
5995
5003
7000
5999
7997
6021
4985
6015
6000
4986
7013
6000
6981
6017
5002
7980
5998
7003
6014
5000
6984
5015
4999
7983
5998
6002
7015
4999
6983
4998
5002
7001
5014
5999
6999
5000
5981
7018
5000
5984
6014
6980
8006
6995
7999
12021
9998
5976
7023
5976
6006
6997
6998
7002
6997
9000
5991
6006
6993
4999
9004
5995
7008
6015
5998
5980
6016
4999
6986
5014
4999
8000
4999
5984
6995
4999
8002
5997
5002
7022
5998
6983
5996
7002
5998
6017
5999
7000
4999
5984
5996
6021
6980
5019
4983
7000
7021
6982
7015
4999
6979
6019
4999
6984
6017
4999
7999
4999
5981
7001
4999
7007
5988
5000
8023
4999
6990
5986
5000
6008
5998
8004
6991
6000
7024
5980
6999
6018
5999
5983
4998
6018
5984
5015
6000
6981
6019
5985
6014
5981
6002
5013
6000
5986
5993
4997
6003
6019
6000
7978
5019
5000
7014
5000
6980
5997
5999
6009
5995
6000
7016
5999
6999
5981
5999
6001
5998
7002
7017
5999
7977
5022
6985
5013
6000
5986
4995
6018
5982
5999
6018
6980
6002
5995
6020
5999
5987
4991
6000
6004
7021
5998
6983
5997
6999
6019
4998
5985
6014
5000
7985
5994
6020
7979
5998
12007
7997
10017
5998
7982
5015
7984
6018
5001
7999
5000
5982
7016
5001
8979
6019
6981
5996
4999
6007
7015
4999
6985
5013
6000
6977
6022
6980
6019
5000
5982
6002
5997
6997
6003
7003
6993
5998
7009
5995
7004
6013
5999
6997
5999
4985
6996
5000
8002
6993
6002
11020
6986
6013
5999
6978
4998
5000
7001
7022
7982
7017
4981
6998
5019
6982
6998
6019
6978
6019
5983
7018
5984
6994
7020
5981
7018
4999
5984
6015
6000
5986
5997
5999
7999
6019
6984
6014
4999
6984
6016
6001
5981
6017
5999
6001
6000
5986
7013
5000
6981
7017
4999
7001
5000
5979
8020
5998
5981
6001
5999
6998
6019
5984
5998
6000
7000
6017
5988
8994
4998
11000
7001
9001
7000
7016
5998
5982
6995
5998
6003
5996
6004
9001
6996
7000
6996
5000
7001
4995
6000
6999
4999
6005
5993
6000
7007
6026
5972
8999
6016
7001
5999
7981
7996
7002
8997
8007
7994
8003
6993
7020
6984
7014
5986
6013
6000
7982
8017
5985
5995
5997
7021
7000
7980
7017
5985
7013
5999
5991
6013
6000
7001
5997
5986
7013
5000
6986
6995
5999
7018
5998
5982
6018
6001
6979
6019
5000
6999
6000
6981
6018
5000
6979
6019
5980
7019
6001
6982
6016
5999
7982
6019
6982
5992
5023
5981
5998
6020
6983
6015
6981
7018
5000
5984
7016
5000
7999
4999
6981
6018
6001
6985
6013
6001
6976
5999
6008
6015
5998
6983
6015
6001
6998
5000
6979
6019
5982
6001
5997
6018
6979
4998
7007
7014
5999
6980
6018
5978
6021
5982
4996
9005
6998
12020
8978
10004
11015
5977
12004
13996
5997
7004
6994
9005
7999
8000
6994
7002
11002
6999
7995
9005
8994
8005
6997
6996
9000
6003
7998
4998
7004
5997
10005
7992
6999
8000
6022
6982
9002
9003
7997
9997
7999
8997
7006
6993
6003
6994
6000
10003
6019
7977
6022
5000
7999
5999
6982
5999
5999
7019
5999
6983
6016
5000
9001
5999
8985
5995
5995
6023
5000
7983
7016
6000
8000
6999
6978
6022
6983
5997
7003
7996
7018
6984
6015
6000
6984
7016
5984
6014
6001
6982
7017
5000
9000
6000
6979
7020
4978
8020
6000
5983
6019
6000
7999
6000
6979
6020
5999
7999
6000
8001
5976
4999
7022
5000
6985
6014
6000
6979
5997
7008
7013
6983
6002
6014
6000
7999
5999
5985
6996
5999
7996
7022
6979
7019
5000
7999
6000
5985
7024
5990
5980
6018
5981
8019
5999
6977
6021
4999
8002
5999
8000
5998
6000
7999
6000
6980
6019
5999
8977
6001
8003
6003
6996
6995
7008
6991
7023
7999
5986
6999
6015
5980
8018
6999
6985
9000
11998
23001
10015
5983
15014
17983
12997
12002
5995
11003
6997
9001
7997
13025
13982
12998
9995
14002
5996
11002
11022
7975
11026
7971
12002
11001
7998
13997
8005
9994
13008
6991
12000
10004
8995
12006
9020
9975
12006
6995
13997
12042
6958
12999
12017
7982
13000
8005
8995
13024
7977
12999
26001
20008
21986
16000
11013
7985
13001
10005
9992
13003
9002
8994
12007
6994
13002
11001
7994
12004
5997
11999
11004
9993
12003
9004
8994
16004
17999
16997
17001
11999
14000
7996
9003
6997
9003
6996
7002
10999
6999
6995
6002
8997
5999
9007
7017
9980
6995
11002
10002
10996
10001
7998
9999
7003
7994
5999
9002
5997
7004
8999
9010
8990
6999
5996
6007
6996
5997
10005
5997
9005
5991
7004
6995
4999
7004
7019
6982
6017
5999
6983
6998
7003
7015
4999
6979
6020
6984
7015
4999
7981
6020
6985
7013
6000
7979
5997
7008
6014
5982
7004
7014
5984
6016
6980
7002
7001
6993
6002
6017
6977
7022
4999
8001
5998
6983
7016
6001
8977
10004
7017
4998
8981
6020
7982
7017
6000
8999
5999
8000
6000
7983
6017
7982
7017
6000
9985
18996
8005
6989
7020
8982
6016
6984
7016
6000
8979
6000
7004
9016
7983
5997
8999
6997
6001
8019
5999
9981
5998
7012
6009
5985
7014
5999
6984
6016
5999
7979
6000
7002
7018
6984
7014
6984
9998
5997
7003
6999
8003
7014
6983
8015
6984
8998
6998
9004
7015
8980
7001
8002
6997
8999
9018
7984
5996
7001
8996
6002
8997
6001
8001
5998
7001
6998
5999
7004
5996
8003
6995
6000
8023
5999
6981
6999
7005
8015
5998
7976
6999
8004
6018
6985
7014
6001
6979
5999
6985
6014
6977
7006
5996
7004
5992
6022
5984
7016
5999
8000
6999
6981
7019
7000
6999
6001
7004
5994
6985
7996
6000
8000
6999
8996
6998
8005
7998
8001
6998
7997
7020
6985
5993
5999
7003
6996
6000
6992
5999
7008
5991
8007
5997
6018
7999
5999
5986
6991
6022
8980
7002
8005
7012
6984
7015
6007
7993
6998
6981
6999
7002
8015
5999
6986
6013
6985
8014
6001
9999
6000
6978
5999
6986
7013
5985
6999
6997
6999
7019
6983
5993
7000
8002
7997
7002
7020
5999
6982
9003
8014
5999
6984
6998
6999
8979
6999
10005
6996
10021
6998
9980
5999
10000
6017
7986
5992
7002
5997
6000
7002
6997
7005
7015
5999
7999
6000
7999
5995
7997
6019
6000
6999
7001
6984
7014
6000
6984
7017
6982
7016
5999
7000
7000
6986
7013
7981
7018
5999
6985
6996
7000
9019
6984
8014
6000
7999
5999
6987
7012
5979
8020
5999
8978
5999
7005
7017
6000
6998
6000
6981
6000
7018
6998
6000
6986
7014
6981
7017
5999
7979
7020
5980
7019
6000
7983
7015
6985
7014
5999
6982
6000
7002
7015
5999
6980
5995
7003
8013
6000
7976
6000
8003
6018
6982
6999
6000
7999
6997
9001
6997
7998
6020
6980
6995
5999
8024
5976
7002
7019
6000
6985
5992
7006
6993
8000
9004
6998
10001
14999
18000
16003
21995
15996
13001
7003
8996
9003
8998
10999
13995
15001
10000
13994
8002
6998
7000
8999
6000
8000
7000
7000
8000
6999
9000
6997
9001
6997
9999
6999
9000
5999
9004
5995
8002
7001
7003
8994
8007
7014
6000
8981
7000
9996
5998
8008
7015
8998
5999
6986
6995
6000
9000
6999
7995
7022
6979
6020
6999
6978
6021
6987
7014
5999
7981
6003
7997
7023
8977
8020
6982
5998
7017
5981
7018
5985
6997
6017
6980
6997
6000
7023
5999
6979
7019
6000
8000
6000
7986
6013
6981
5993
6999
8018
5999
6978
6022
7001
7018
6001
6976
6999
7004
6017
5999
6982
7017
5982
7017
5977
7022
5981
7018
6999
6000
6985
7002
6991
7003
7000
7999
8019
7984
7023
5976
6015
6001
7982
6017
8982
11980
6018
9981
7999
11004
6999
10001
6015
9000
5999
7979
6020
7987
5990
7022
7982
7017
6979
7019
5982
10989
7007
8014
5999
6999
7000
6981
8996
7008
7014
5999
6982
5997
5983
8016
5986
8014
5999
8000
5999
6985
8015
6000
9000
5999
8000
6999
6982
6017
6999
7000
5999
7985
7015
6987
5996
7022
6979
5998
7007
6996
7018
7000
6981
6997
7019
5991
9010
6997
7000
6982
8002
7016
5984
6992
6000
10026
6998
7982
7016
7978
7020
5985
6997
5999
9006
7014
7983
7014
6983
8001
7999
9999
8002
7014
5999
7000
6986
8015
6998
6983
6997
7000
8018
6976
8024
5999
6979
7020
5998
7000
6000
6983
7016
5999
7999
6000
6982
7018
6000
8000
6999
6978
7021
6986
7013
6000
8977
5999
10007
6997
8995
6999
9023
7000
7981
6998
6997
7019
7000
6978
8005
11003
9996
8002
8000
8012
7984
7014
5999
8001
6999
8986
6012
7001
7999
7985
7996
6000
8019
5999
7980
7000
7999
7996
10002
7021
7982
6993
9006
7014
7984
7015
5983
8017
7982
7001
8001
7001
6995
7005
6997
6997
9004
5998
6003
7993
6003
9000
5996
8002
6995
7002
8021
6983
7014
6000
7987
7012
10989
6992
9002
6998
9001
6998
10996
6998
8002
7020
7979
6019
7982
7017
6002
8980
7017
6979
6019
6984
7016
8979
7021
7999
7983
6000
7979
8001
7998
7019
6982
6999
7016
8978
5999
8004
7000
8996
7022
7985
7014
5999
7982
5999
10005
7014
9000
6998
8979
6019
8003
6997
7984
6997
7003
9015
6980
5999
8981
6996
8005
6998
7001
6998
7995
7023
6999
6979
5997
7006
6997
7000
8003
10993
10002
20002
21999
9994
8015
7987
9001
7997
9000
6997
7003
7998
7000
8998
8000
10001
9007
6991
7000
9999
7002
7999
6999
9998
8000
7999
7001
8002
5996
7003
5996
6000
9000
7001
9022
7980
9019
7999
6999
6981
7999
7000
6003
8992
6000
9002
7999
8021
6998
7980
6019
7983
7017
7001
7998
7000
7983
6997
8997
7021
6983
6016
6985
7009
5999
8978
5998
7008
7013
7000
7982
6017
8982
6018
7976
7021
5999
7000
7000
8981
6018
7980
7019
5999
8000
6000
7982
7018
6980
7018
7000
7999
5999
8978
5998
9006
7000
9998
7019
7998
6999
6984
8017
7984
8015
6999
6978
7022
6982
6016
6000
7996
8017
7000
6977
7008
6014
6986
8015
6999
6999
6009
7971
7020
6982
7015
7000
9982
8999
10003
10997
14998
8001
8995
7023
8978
6997
8002
7019
6983
8994
6000
14005
8994
7999
8003
8016
6984
7014
9988
7995
7000
6997
7020
9000
6979
7003
7016
6986
6994
7019
7981
6018
7983
7017
6987
9013
6989
7013
7000
7999
6999
6982
7017
6985
7014
7000
7981
6999
9000
6999
9000
7999
10019
6980
8017
5999
7983
6016
6982
7018
7999
7001
7000
7983
6997
6998
7020
6999
6978
7020
6987
7013
6000
8001
5998
6986
7002
7002
8997
9004
8013
6985
7995
6000
9995
6000
10002
6997
9023
6999
8978
5998
8003
6999
10003
8015
8980
6998
7003
7997
9006
9000
7997
8017
7984
7013
6000
7984
6000
9004
5996
6986
8016
5985
7996
6999
8000
7000
9018
6999
7982
6996
8006
6996
10006
