0
0
0
0
0
0
0
0
0
0
0
0
0
0
0
0
0
0
0
0
0
0
0
0
0
0
0
0
0
0
0
0
0
0
1000
0
0
0
0
0
0
0
0
0
0
0
0
0
0
0
0
0
0
0
0
0
0
999
0
0
0
0
0
0
0
0
0
1000
0
0
0
0
0
0
0
0
0
0
0
0
0
0
0
999
0
0
0
0
0
0
0
998
0
0
0
0
0
0
0
0
0
998
0
0
0
0
0
996
0
0
0
0
0
998
0
0
0
1003
0
0
0
1013
0
0
998
0
0
1000
0
0
0
0
999
0
999
0
0
0
0
0
0
0
0
0
0
0
1001
0
0
0
0
0
0
0
0
0
0
0
1002
0
1004
0
0
0
0
0
992
0
0
0
0
0
0
0
997
0
0
0
0
1003
0
0
0
0
0
0
0
996
0
0
0
0
0
0
0
0
0
999
0
0
0
0
0
1000
0
0
0
0
1000
0
0
0
0
0
999
0
0
0
0
1000
0
0
0
0
0
0
0
999
0
0
0
1000
0
0
0
0
1000
0
0
1005
1000
1000
0
0
999
0
0
998
0
0
0
995
0
0
0
0
0
0
1000
0
0
0
0
0
0
0
0
999
0
0
0
0
0
0
0
998
0
0
0
1000
0
0
0
1000
0
0
1983
1001
0
1013
0
0
997
0
0
985
0
0
996
0
0
0
1018
0
0
0
999
0
0
0
999
0
0
0
1000
0
0
0
1000
999
0
0
0
1000
0
0
0
999
0
0
0
1000
0
0
0
1987
0
999
1001
0
0
0
996
0
0
1002
0
0
997
0
0
1015
0
0
0
1000
0
0
0
0
0
0
999
0
0
0
1000
0
0
1000
0
0
0
999
0
0
0
999
0
0
0
1000
0
982
0
1002
0
0
1000
0
0
998
0
0
998
0
0
1016
0
0
0
999
0
0
1000
0
0
0
1000
0
0
1000
0
0
1000
0
0
1000
0
0
1000
0
0
999
0
0
0
1000
0
1001
0
998
0
0
983
0
1000
0
0
999
0
0
1006
0
995
0
0
0
999
0
0
1000
0
0
1000
0
0
999
0
0
1000
0
0
0
0
1000
0
0
1000
0
984
0
997
0
0
1002
0
996
0
0
0
998
0
0
995
0
1006
0
0
1014
0
0
999
0
0
0
0
999
0
0
1003
0
0
996
0
1000
0
980
0
0
997
999
0
0
1019
0
0
1000
0
999
0
0
1001
0
0
1000
0
998
0
0
1000
0
980
0
0
0
0
1000
0
0
1002
0
998
983
0
997
0
0
999
0
1005
0
1004
0
1010
0
1009
0
0
0
0
999
0
1002
0
0
998
982
0
996
0
999
0
1000
0
0
999
1002
999
998
999
0
1001
0
2019
999
0
1000
0
0
1988
1002
1005
0
988
993
1003
999
1002
1000
0
0
993
0
999
1005
0
1016
0
999
0
1000
0
0
999
982
0
1017
0
1000
0
999
0
1000
0
0
1000
0
999
987
0
993
0
999
0
1000
1006
0
1013
0
1000
982
1017
0
999
0
0
0
0
1000
0
1000
0
1000
0
1000
0
979
1001
0
1000
0
999
0
1000
1005
0
996
0
999
1001
997
0
995
0
999
0
1000
0
999
0
1000
0
1001
3005
999
0
0
2000
1002
1019
998
998
999
1000
999
1000
999
999
1982
0
999
0
0
999
1006
996
998
0
995
0
1000
0
998
0
999
0
1000
0
999
0
1000
0
0
1004
1000
998
997
0
999
1002
1007
0
996
999
1000
0
999
1000
999
0
1000
1000
0
999
999
1000
1001
996
0
2023
984
0
1013
0
999
999
0
1000
0
999
1000
0
1000
0
999
999
999
999
1002
999
997
0
997
998
0
1000
0
999
0
999
1000
0
1000
0
999
1000
0
1000
0
1001
1001
1000
1000
996
0
1002
1018
0
0
1000
999
0
999
0
1000
999
0
1000
999
0
999
0
1000
982
2001
1016
1000
0
981
1017
0
999
999
0
1000
0
999
1000
0
1000
999
0
1000
1000
0
1000
1986
999
1016
984
0
997
1016
0
999
1000
0
999
0
999
1000
0
1000
1000
0
1000
0
1000
2989
0
993
998
1002
0
997
998
0
1000
999
0
1000
0
1000
1000
0
1000
0
1000
1000
0
2006
998
1015
999
983
0
1001
1015
0
999
1000
0
999
999
0
999
999
0
999
1000
0
1003
984
999
997
0
1002
1014
0
999
1000
0
1000
1000
0
1000
999
1000
0
999
1000
0
1982
0
998
1000
1002
997
1003
0
1013
999
0
1000
999
1000
0
999
1000
0
999
1000
0
1983
1000
1002
999
1000
998
0
998
1000
1018
0
1000
999
0
1000
0
999
1000
0
2000
999
983
997
1019
999
982
999
1003
1016
0
1000
999
1000
0
0
1000
1000
0
0
998
1000
979
1001
1019
1000
979
1001
1004
997
999
1000
0
1000
1000
999
1019
998
0
1000
1000
980
1000
1000
0
1004
997
1017
0
1000
999
1000
0
999
999
0
1000
989
1010
1000
1000
0
1000
999
981
0
1000
1004
997
997
1004
997
999
0
1000
999
999
1018
998
0
1000
999
1000
0
999
980
1000
999
998
1008
0
1012
999
1000
0
1000
1000
980
997
0
999
999
1000
0
1000
1000
1005
997
0
998
1001
1020
998
0
1001
999
999
981
0
996
1000
999
0
999
0
999
1001
1004
997
999
1000
1019
1000
1001
984
995
1018
999
1003
0
0
1000
1001
998
989
990
998
999
1003
1017
998
1001
998
0
998
1000
1000
1000
0
999
999
1000
983
1001
999
999
1001
1017
999
1001
999
0
0
1000
999
999
1000
999
0
1000
1001
1982
1003
0
1998
999
997
996
999
999
0
1000
999
1000
1000
999
0
1000
2002
1001
1001
998
999
996
999
999
1000
0
0
1000
1000
999
1000
999
1001
1001
1000
2000
1003
1014
999
999
1000
1000
1000
999
999
1000
999
1000
982
1001
2002
1997
998
1015
1000
0
1000
999
1000
999
1000
999
0
999
1985
1003
2011
984
1016
999
1000
984
1001
997
999
999
1000
1000
999
1000
2006
997
1000
1002
997
999
1000
999
1000
1000
999
1000
1000
999
1000
1003
1995
1002
1004
1014
998
1000
999
1000
999
1000
999
1000
999
999
0
2982
1003
997
1002
997
999
999
999
1000
999
999
1000
999
1000
999
2001
998
998
1008
997
996
999
999
999
999
1020
999
1978
2020
982
998
999
997
1000
999
1000
1000
999
1018
999
0
0
1985
999
997
996
1019
1000
1000
1000
999
0
999
2001
0
1001
0
998
1981
999
997
1004
1016
1000
999
1000
0
999
1000
1990
0
999
1000
0
1980
999
997
1000
1003
1019
999
999
999
999
1000
1001
998
1001
999
1000
982
997
1000
1999
1019
999
1000
999
999
980
996
999
1000
999
999
1001
1000
1001
2001
998
996
1000
999
1000
1007
1002
1003
999
999
997
1002
999
998
1998
1017
1000
0
1001
998
999
1000
999
1000
1000
1000
1000
981
999
1001
2004
1014
999
1001
999
999
999
1000
999
1999
1000
978
2000
983
1015
1000
999
999
1000
999
1000
999
2001
999
980
999
1996
2026
997
999
1000
999
1000
999
1000
1000
999
1000
1000
1980
999
998
1002
1018
999
0
1000
999
1000
1000
999
1000
999
985
2001
1001
994
1019
999
1000
999
1000
1000
999
1001
999
1000
999
1020
1984
1996
1995
999
1001
998
1024
998
2001
999
1000
980
3003
2001
3015
2999
2999
1980
3008
993
999
997
2007
998
997
1000
1002
998
1000
1001
1996
2995
3021
2998
4000
1985
2996
2000
1005
1994
999
999
1000
999
2002
2000
2001
1000
1996
1018
999
1000
999
999
1000
2000
1000
980
997
999
2002
1998
1006
994
1997
1000
999
1000
1000
2009
1000
999
999
1000
2018
1983
2002
1995
2001
3000
1999
2999
3997
1017
1986
996
998
2002
997
1000
1000
2008
1012
999
2000
999
1987
1995
997
1006
2013
999
1000
997
999
999
2000
1000
2001
1003
1996
1002
997
2000
2002
997
1000
1999
1000
2003
1997
998
2003
1015
2987
994
998
2000
999
3005
3012
1000
1982
1000
1998
2000
999
1000
2000
2001
999
999
2004
2014
999
1000
1000
1999
999
1000
999
1983
999
999
2001
1016
986
1995
1000
1000
999
2000
999
1000
2004
999
1996
2001
1997
998
1003
1996
1004
998
2000
2001
1995
3004
2002
995
1004
1996
999
999
2001
2997
2001
2003
996
1999
1000
1000
1999
999
2005
1997
1997
1999
1002
1999
1000
999
2000
999
1000
3009
1991
2004
996
1000
1999
999
1000
2000
1000
2002
1997
998
2005
996
999
2002
997
999
2000
1000
1000
3005
1996
1001
1001
999
999
999
999
2002
997
999
2001
1008
1992
1000
1999
2001
1008
3993
1997
4999
997
3006
1996
999
1998
3007
3996
3001
2000
996
999
2000
1002
997
2000
2001
2004
995
2000
997
999
1002
1997
999
1000
2000
1002
2998
2006
998
1994
1000
1002
1997
1002
997
1999
1007
1995
1001
2002
997
999
1999
1000
999
2017
1001
1998
980
999
1005
1994
997
999
2000
1000
1000
2024
1000
1999
2001
1999
1983
1015
1999
999
1017
2001
997
1000
1980
3011
988
1019
1999
1000
2000
1000
1000
1980
1005
2000
1013
2000
999
2000
1000
999
1000
2000
999
2999
1987
999
1996
2017
1000
1000
2000
999
1000
1981
1004
1995
2017
1000
999
998
2000
1000
1000
1999
1000
1981
997
2005
2016
1982
999
1999
999
1000
2000
1000
2003
997
998
6017
1981
999
1999
3011
1998
2992
995
1998
1000
1000
2000
1000
2004
3000
3019
3999
3000
1981
1993
2012
2011
999
1997
999
2000
999
999
1982
2001
2003
1995
999
1999
1000
999
1999
1000
1999
1002
2000
2000
2013
999
999
2000
999
1999
1000
999
1985
2001
1996
997
1998
1000
999
2000
1000
1000
2000
3006
1998
2005
2012
999
1999
1000
1999
2001
2986
1995
1016
1999
1000
1999
999
2000
1000
2002
1997
1016
1999
1000
999
1999
1000
1000
1999
2988
1998
1000
2015
1001
998
2001
999
1000
2002
1997
1985
2001
995
2018
1000
2000
999
1999
1001
1998
998
999
1996
1996
999
1999
1000
1000
2023
998
1999
1983
997
2003
1002
1996
999
2000
1998
996
1999
2002
2002
2000
1004
999
1999
2021
1997
1000
1982
1997
2000
1013
2000
999
1980
997
1999
1000
2000
1003
1998
2019
1009
1990
999
1999
999
2000
999
1980
2019
1981
2019
999
1999
1001
998
2001
999
1987
3011
1985
1015
2001
999
998
2000
1000
2002
1978
3003
2017
1984
996
1999
1000
1999
1000
2003
2014
980
2018
2001
998
2000
1000
999
1999
1982
1000
1999
1998
1997
1000
1999
1999
1000
1999
999
2000
2000
2002
3003
1995
2002
998
2017
2000
1000
1981
3003
1996
999
1999
1999
1000
2000
2000
3003
3001
1995
999
1999
2000
1000
1999
2008
2979
1995
999
1999
1999
1000
1999
2003
2001
2006
2012
1000
1999
999
2000
1979
2019
1982
998
2019
999
1999
1000
1999
1000
1982
1995
2003
1000
2005
1995
2000
2000
1000
2019
1998
1000
1980
2005
2013
1000
999
1999
999
1981
1997
999
999
1000
2000
2018
1000
999
1999
2001
999
2000
1000
1980
3001
2018
1999
1000
2999
1000
1999
1000
1981
2004
1999
1997
1999
2017
1000
1999
999
1990
1988
2021
999
2000
1000
1999
999
2000
1000
1985
3014
1989
2993
2995
3005
998
2002
2001
1993
2015
1998
2000
1000
1999
999
1981
1999
2004
4015
4000
1981
1999
2001
1999
4020
3000
1979
4001
5002
2995
2002
2999
6000
3001
4999
2995
4006
1999
2999
2003
1996
2001
998
3002
1994
3000
997
1999
1999
2000
2000
5009
3998
2015
1998
2009
989
2985
1995
2001
1998
1999
1999
1000
3018
1981
2000
1998
998
2000
1999
1000
3021
1998
1983
2000
2015
2000
999
1999
1999
987
2012
1984
2001
2015
999
1999
1000
1001
1999
1999
1983
1997
2004
1995
999
1999
2000
2020
999
2000
1982
2000
2016
2000
999
2000
1999
1000
2000
2999
1983
2017
1999
1000
1983
1995
2000
1000
3004
3000
1998
2018
998
2000
2000
1000
2982
998
2019
2000
1999
1000
2000
1999
1000
1990
2018
1999
1980
1000
1999
999
2000
2002
3000
2001
2016
1999
1999
2000
1999
1984
1996
2002
2017
1999
2000
1000
1999
2000
1984
1996
2001
2017
1000
2000
1999
1000
1999
1984
1999
3006
1011
1999
1999
1000
1999
2000
1983
3003
1996
2002
1998
2000
1000
1999
2002
2997
1999
2000
2000
2000
1999
2000
2003
1997
3003
1996
2000
2000
2000
3001
2000
2995
2021
1999
1999
1000
1999
2000
2978
2001
2019
1999
1999
1000
1999
2000
2984
3001
2012
1000
1999
2000
1000
1999
2982
3022
1995
2000
1999
2000
1000
2982
3004
1993
2001
2000
2000
1999
2000
1995
2003
2005
2013
1000
1999
1999
1999
2000
999
1984
1998
2017
2000
1999
1000
1999
2001
1999
1979
2005
1993
999
1999
2000
2005
1999
2004
1994
2019
2000
2000
998
1980
1996
2002
2001
2003
2016
1997
1001
1999
1977
1999
2001
2001
2000
2001
999
2000
3020
1999
1999
1980
2023
1979
1999
2019
1998
2000
1988
1992
1998
2019
1999
2000
1000
2000
1999
2990
1993
2018
1998
1999
2000
1000
1999
1999
1993
2005
2994
999
1999
1999
1999
2001
2002
3003
2015
2000
1999
2000
1999
1980
1997
2011
2009
2000
999
2000
2000
2000
1984
3000
1996
2020
1999
2000
2000
1999
1980
4005
1991
1999
1000
1999
1999
1999
2002
2003
2998
2000
2000
2000
1999
2000
2995
3000
1998
1999
2000
2000
1999
4005
3004
2013
1999
1999
1999
1999
2985
2993
2998
4000
2005
2999
2002
3014
1000
1999
1979
4000
2019
1000
1999
2000
2001
1983
2997
2004
1994
1997
1999
2000
1000
2002
999
3003
2002
2016
1999
1999
1986
2012
1980
2001
2019
1980
2000
1999
2019
1998
1999
1981
1997
1999
1999
2000
3005
1998
4000
2999
2996
1999
2003
1999
3001
2001
2998
2015
2000
2999
1999
1000
2983
2998
2017
2999
1999
2000
999
2983
1999
2017
2984
2015
2001
2000
2000
1980
3000
3001
1999
1999
2000
2000
2003
2001
3014
1990
1991
2000
2999
2003
2000
2995
4013
2983
2003
2998
2000
3019
1999
1999
1001
1999
1000
2000
1999
5001
4999
5003
2997
2018
2000
2000
1999
1000
2000
1981
3005
2997
1997
2002
1999
1998
4999
4002
1996
1998
1999
4004
4002
2014
2000
1999
1999
2982
1996
2999
1999
1999
2000
2000
2024
3980
3000
1999
1999
3020
1998
3987
1993
2019
2000
1999
1982
2998
2005
3012
1999
2000
1999
1999
2000
1986
1994
3001
1999
1999
1998
1996
2000
3003
3006
1990
1999
3003
2020
2979
2000
3004
1996
2017
2000
1999
2000
2981
1999
2001
3005
1994
1999
2000
2002
3001
2002
2990
1997
2000
2000
2000
4000
3000
1997
1999
2000
1999
2002
3007
3002
2011
1999
2000
1999
1986
2991
3004
1998
1999
2000
2000
1999
3003
4014
1999
2001
1999
1999
1999
2980
3020
1999
1999
2000
2000
1999
2986
3000
3001
1995
2003
2004
1996
4995
3000
1999
1997
1999
3002
5014
4004
3985
2002
3994
4000
1996
2999
2000
3018
3981
2999
2000
1998
2999
3008
3994
3999
4003
3000
4003
2993
3002
4002
3001
2997
1999
1997
3002
3004
4995
2996
3004
3999
4999
3001
3996
4001
3999
4001
3001
1992
1999
2000
3005
2998
4003
1994
2999
2000
2001
3002
3000
4995
7004
2998
3998
1998
1999
1999
2000
3003
3002
1996
2999
2000
2000
3002
2000
3994
1999
1999
2000
2999
2003
3005
1993
1999
1997
2000
1999
3004
3998
1997
2002
1998
2999
2004
4005
2993
2995
2000
2999
4005
1998
3018
3000
1998
2000
3984
3999
1995
1999
3000
1999
5003
3000
1996
2000
1999
4003
3002
2997
1996
1999
2000
2000
2000
3005
2998
1995
1999
2003
3000
1997
3003
2000
2018
2000
2000
2000
2000
2979
1997
2999
1999
2000
3022
1999
3000
2999
2978
3006
3014
1980
4000
2019
2980
1997
1999
2000
2002
2006
2991
2023
1999
2999
1999
2981
1999
3001
3018
1999
1999
2013
1967
3003
2015
1978
1999
2000
3000
2003
3001
3019
2998
1999
3001
1981
2999
3017
1998
3000
1999
1999
2983
2002
3015
1999
1999
2000
3000
3000
3993
2985
2000
1999
2000
2002
3001
3019
2000
1999
1998
2000
1999
2990
2991
2000
2000
1999
2999
2983
4001
1996
2000
1999
2000
3000
2996
2021
2999
1999
2000
1999
5983
2997
1997
2998
1999
3003
4000
3019
1999
1999
2981
1998
3001
2019
1999
1999
2000
3000
1980
3999
3002
2000
3000
2996
4003
4004
2995
2997
6004
4998
3020
4000
2982
3005
2999
2995
1999
3000
4002
2998
2999
1999
3000
4005
2995
3017
1998
2999
2000
3003
1998
3997
1999
1997
1999
1999
3002
3001
2000
1995
1999
3000
2000
3001
3001
2997
1999
1999
3002
1997
3001
3018
2000
1999
3000
2001
2982
3998
2018
3000
1998
2001
2984
4001
2013
3000
2000
2001
3001
2977
2000
3019
2000
1999
3001
2981
3004
3013
2000
2000
2000
3000
2980
3018
1999
3002
1998
2000
4001
2980
3019
2000
3000
1999
2980
3005
2013
1999
2999
2001
2983
2994
2007
3015
1999
2000
2979
3000
2001
2019
2000
2999
2000
3001
2979
2999
1997
2000
3002
1997
2000
3002
3020
1999
3000
2999
1999
2982
2019
1999
1999
3000
2000
2980
3000
2005
2996
2995
2000
2000
3002
3001
2001
3001
3002
2005
3990
3999
5019
4000
4979
2019
2999
2000
2999
2982
1995
4002
1997
2999
2000
2000
3002
3006
2996
3000
1999
3000
5020
2998
1999
2999
2000
2984
4996
2996
1999
3002
2017
2984
3017
1998
3000
2000
1999
3980
3005
2996
2000
3000
1999
5017
2981
2019
2999
1999
2000
2980
3004
2014
2000
1999
3002
2999
2980
3019
1999
2999
2000
2999
3000
3984
1997
3000
3005
2011
2981
3018
1999
2000
1987
3012
1981
2997
2999
1999
3024
2998
2000
2979
3019
1999
1985
2997
2009
2993
3000
3016
1977
2997
1999
2000
3004
3005
4017
1997
3000
2982
2998
3019
2998
2000
2999
2982
4007
1988
2999
2000
1999
3004
4001
3000
1999
3018
2999
2979
4021
1997
1999
2000
2000
2982
2999
3019
1999
3000
2000
1999
4980
2997
2000
2000
3000
4006
3013
2000
2999
1999
3982
4017
1998
2000
2999
2000
2981
3008
2010
2000
2999
2000
2977
3002
2004
3015
1999
2001
3989
2989
3020
1999
3000
1999
3000
2980
2005
2999
2000
3020
1997
2981
3000
2995
1999
2000
1998
3001
4008
3015
2999
3981
3002
3004
2992
4003
3997
4997
3018
2982
2999
2000
3002
2995
4000
2018
2999
2000
2981
1994
4021
1997
2000
3000
2981
1999
3003
3002
1998
3996
3996
4004
2995
2999
2000
6004
7002
5998
8002
6011
5981
3000
2997
3000
4007
5999
5994
2999
3000
3999
2999
3000
3000
5020
2982
2999
2999
3000
2999
3999
1999
3000
3002
4001
2997
2996
2000
2999
2002
3000
2999
2997
2000
3004
1995
3008
2997
3016
2001
3976
1999
3003
3006
2998
1981
1999
2019
2982
2998
3019
1979
2997
1999
4005
3002
2996
2998
2999
2000
4001
2997
3002
1999
3000
3003
5002
3991
2999
2999
2999
4023
2999
2000
2999
2980
4022
1997
2999
2000
2999
2980
3019
2999
2000
2999
2000
2981
4002
1998
3000
2999
2000
4001
2999
2999
3000
2000
5006
2991
2996
2999
1999
4003
2997
3022
2999
2000
2985
3000
3013
1999
2000
1999
3000
2981
2999
2997
2000
2000
3024
4999
3979
1997
3000
3000
3002
3001
3018
3000
1999
2999
2981
3003
3014
2000
2999
2000
2983
4001
2015
2999
3000
2999
2981
3019
2999
1979
1999
3000
3004
3996
3025
1997
1996
2981
2999
2997
3005
1999
3000
3002
2996
4002
2999
3000
3002
3995
4004
2997
2999
3004
3000
2000
2999
2981
3018
2999
2000
3000
1998
2981
4020
2998
1999
3000
2000
4986
3993
2999
3019
2001
3022
2996
3000
1999
2999
2981
4004
3014
3000
2000
3000
3986
2989
1999
2999
3000
3008
2994
2996
3000
2000
3000
4003
3020
2999
2999
1999
2977
3002
3016
2983
3017
2985
2999
3002
2993
3000
2000
4000
4003
4017
2999
3002
3983
3002
3013
2999
1999
2999
2986
3016
2000
3000
3000
2985
3998
2998
2000
3017
2999
2984
2999
2997
3024
1998
2999
2980
2999
1997
4003
3018
1999
3983
2999
4016
2000
2000
4980
4008
3012
1999
2999
2986
4015
1998
2999
3000
2981
2996
3021
2999
2000
3000
2980
4006
3012
2000
3000
3000
2979
5999
1999
3000
2997
4004
2995
2999
3000
3001
4008
3013
3000
2998
2997
4987
3012
2999
2999
1999
4986
3994
3001
2998
4004
6016
4999
5987
7996
6017
3979
3020
2998
1999
3000
3985
3999
2997
2999
2997
3005
3016
2979
2999
3021
2999
3983
3016
3999
3000
1999
3980
2999
2999
3019
2000
4001
3985
2014
2999
3000
3000
4000
3982
3016
2999
1999
4982
4018
2999
1999
2999
2980
4001
2997
2999
2000
4002
3020
2999
3000
1999
2980
2998
3999
2000
3000
3000
3007
4996
3017
2999
3999
4985
2996
2999
3000
4003
3000
3012
3000
2000
2999
3983
2999
2997
2000
3000
4012
4992
4017
2999
2999
3979
3019
3000
2999
2999
2986
3998
2998
1999
3000
4004
2997
2995
3000
3000
4001
4006
3991
3000
3021
2982
4006
2989
2999
3000
3000
3018
3001
3976
3001
3004
2995
2999
3998
1999
4001
2999
1999
3004
3998
4004
2996
4000
2996
2999
4003
3997
2999
2999
2999
3004
3999
2996
3002
2997
3004
3000
3996
2999
2000
3000
4002
4001
2998
4000
3003
8993
4003
2999
6001
8994
3004
2999
2998
3000
4000
4005
3996
4020
3000
2999
3984
3015
2999
3000
2999
4979
2999
2999
2000
2999
4009
4015
2999
3000
3000
4999
2982
2999
3017
3000
3988
3009
3000
2000
4000
2986
4013
2999
2000
3980
3000
3000
3001
3000
4018
1999
3978
2999
3000
5024
3978
4021
2999
2998
2999
2981
4018
3000
2977
1999
3000
3003
4002
4017
2999
3980
2999
3018
3000
3000
2000
2979
3004
4014
2998
3000
3982
3018
2982
2999
3000
4000
3017
2998
3000
2999
3977
3022
2999
3000
3000
2980
5019
3000
2000
2000
3981
4019
2999
3000
3000
3981
4000
2995
2999
3003
4001
3019
2999
2999
3000
3984
5997
3999
3014
2988
2996
2996
3000
4000
5003
4996
2999
2999
5003
3999
3996
3000
6005
4998
2999
7000
6002
2995
6000
5001
2996
4002
2996
3005
2997
3997
3000
2999
2999
3997
4000
2997
2999
4005
3997
2996
3999
3002
5008
4011
3000
2999
4999
4999
3000
2999
2985
4000
3013
3000
3000
2980
4006
2995
3000
3000
4003
3995
4019
2999
3000
2982
4001
3015
2999
2999
2981
3000
3019
3001
3999
2999
3979
3019
3000
2999
3001
3978
3002
3999
3017
3001
4000
3999
1998
3000
4985
3997
4018
2999
2987
3999
3995
3976
3022
2999
2984
3998
2995
3021
2999
2981
4002
2994
3022
2999
3000
2978
3999
3019
1999
3000
3985
3992
2999
3000
2999
4003
4022
3999
2999
3979
3001
2996
2999
3000
4003
4017
2999
3000
2999
3985
4013
2999
2999
3001
3986
4012
3000
3000
1999
3987
3997
2999
3000
3998
4006
3012
3000
2999
2999
4981
3018
3000
3980
3000
4001
2999
1999
3978
3001
3005
2997
2999
3996
4002
4003
4017
3998
2995
3981
4022
2999
4000
2980
4000
2997
3023
2998
3980
3005
3013
3000
3001
3980
4005
3013
2976
3999
3002
4022
2978
2997
3000
4003
4006
3015
4000
2999
3977
8003
15002
6003
6997
2992
2999
3000
5007
3996
4000
3999
4999
4000
3999
4000
4999
4017
3000
2999
5983
2999
2999
3000
4999
3017
2998
3000
4003
3981
3000
2999
4000
5020
4977
2996
5026
3976
3022
2999
2999
3000
3979
3019
2999
3988
2994
4003
3013
2999
3983
3999
5000
4000
2997
4003
5994
4020
4000
3984
4996
2994
3999
3001
5002
4003
3998
4999
5001
4002
3000
6002
4988
2999
4000
5003
5996
2999
4000
6009
2994
2996
4000
5004
3995
3018
3000
2982
6001
3996
2999
5006
6001
4992
6003
5998
5000
7005
6012
3999
3984
2999
2996
2999
4001
4999
3997
2999
3003
3000
4004
2994
2997
4000
3004
3999
3996
2999
4023
4999
2977
4025
3996
2981
4017
2999
2983
2999
4004
4016
4975
2999
5005
3998
8019
3979
3999
2996
2999
3000
4003
4020
3981
3999
3997
4001
4019
2999
3000
3976
3999
3000
3001
4004
4018
2999
3999
3985
3998
2998
3999
3001
6000
4019
3999
3982
5017
2999
3999
2999
5001
3998
3000
2999
3983
4016
2999
3000
2999
5001
3999
3000
3000
4981
6020
5997
4981
4017
6003
5978
6018
5999
6981
4001
3002
6995
4998
3997
4005
5999
4994
4999
5003
5029
5971
6001
6015
6998
5985
3996
2998
3001
6005
4993
7004
8999
2997
4000
4001
3996
3999
2999
4006
3997
3996
3000
4002
5001
3997
4000
5002
4997
3999
2999
5006
3992
5002
2998
4000
4022
2999
2998
3989
3992
3018
3000
3999
3987
3995
2999
4000
4009
3995
4014
2999
3982
4003
3013
3998
2999
3985
2995
2996
2999
5025
3978
5021
2999
3999
3979
4020
2999
2984
3997
3004
4014
3987
2996
4002
4000
5018
2997
3981
3998
4019
2999
4000
3980
3020
3999
2999
3984
5000
5997
3997
4005
4015
4000
3000
3978
4021
4000
2998
3989
3997
4013
3999
3000
3980
4998
3998
4003
8999
6999
7003
6015
2999
5982
3999
3997
3999
5005
3998
3999
4000
7002
3015
3999
5983
7001
2999
2997
4002
3995
2999
3002
4000
5001
3996
3000
4000
4002
2995
3998
3018
3979
4020
3999
3000
2981
3996
4022
2999
2999
3981
4006
3991
2999
2999
5003
4020
3999
3000
3979
3996
2999
2999
4002
4001
4018
2998
2999
3983
4017
3999
2999
3983
6017
2999
2998
3983
4005
4015
2999
3999
3985
3996
3999
3000
5000
3999
4018
2999
3980
4999
2997
3999
3000
5000
4022
2999
3999
3987
4013
2999
2999
4013
2999
2999
3978
5017
3005
3999
3984
5011
3981
3999
4010
4994
5019
3999
3982
3998
3996
6018
5980
4018
2999
3999
4986
4000
2996
4000
5019
5000
3999
3978
4006
3996
2999
4000
3998
4020
3999
4000
3980
4019
2999
4000
2980
5009
4010
2999
3000
3978
5022
2998
4000
3980
4019
3000
4000
2999
4978
4021
2999
4000
3984
4002
3995
2999
5003
4014
2999
3999
3980
4004
3014
2999
3985
4001
4014
2999
3000
4980
4001
3997
4000
4004
3996
4021
3999
3975
4003
4020
2999
3999
3980
4004
3996
3017
3980
4020
3999
2977
3999
4004
4996
4024
3999
4986
4014
3998
3001
4976
4004
2997
2999
3982
4004
3991
3999
3003
5000
3996
2999
4000
5005
5015
2999
3999
5983
4016
3998
4987
3996
2998
4000
5001
7001
2997
4016
4982
2997
3999
2999
6007
3993
3999
2999
3997
3998
2999
4003
6000
5000
3997
5005
5998
3998
3996
6002
4000
3999
2997
6002
3998
3999
4004
3999
4017
3999
3000
4986
3997
4019
3999
4980
4001
4017
2999
3988
4016
3998
3000
4979
4006
3995
4000
4002
5015
4000
2998
3984
4999
3998
2999
4003
4997
3998
3999
5005
4995
3999
4001
7022
3999
3999
3988
3997
3999
2999
5003
5017
2998
3999
4980
3019
3999
3000
4980
4020
3002
3997
3977
4008
4014
2999
4000
4999
3999
2998
4001
3976
5005
3999
5002
3998
4016
3983
2999
4004
4013
3977
3999
3002
5023
3998
3999
4984
3992
4022
3999
3980
6021
2997
3999
3981
4021
3998
3000
4980
4018
3000
4000
3981
5019
2999
3000
3980
6019
2999
4000
5989
4011
2999
4000
4980
4020
2999
3999
5978
4000
3999
3000
6004
4017
3999
2981
4000
4001
3999
4998
4000
4019
4000
4985
4994
3019
3020
3978
4008
4014
2998
5001
3979
4005
3996
5018
3980
4018
4000
3001
4980
4019
4001
3998
3981
4006
4013
4001
3985
4000
5013
3000
3999
4001
5001
3999
3997
5005
3991
3999
4007
6016
3999
3999
3980
4019
3000
3999
3980
5000
4019
3999
2979
5002
4018
2999
3999
4980
4019
3999
4000
4987
3012
3999
3999
4989
3988
3999
4000
5003
4001
4000
5001
3997
4018
3999
3000
4000
4001
4000
4998
4000
4018
2999
7983
5019
2999
3999
5001
3999
3999
4000
4983
3999
4017
2999
4986
3996
4003
5000
6996
7022
7979
3997
3999
5000
6024
3999
4984
6015
3999
4000
4980
4019
3998
3000
3981
5019
2999
4000
3980
6003
3998
3999
4003
6015
3999
3001
4983
4997
2999
5003
6995
4997
5002
8008
4989
7010
4991
3996
6003
5019
4000
4000
5984
3994
5001
5000
4998
4997
5001
6001
4017
4000
5981
4000
4999
4002
3999
5015
2998
3983
4016
4000
2998
4000
4983
4005
3996
3998
4004
4016
3999
3999
3978
5022
2998
4001
4977
5005
2999
3999
6001
4017
3999
3981
4997
2997
3999
3999
6010
4012
3998
4987
4012
2999
4000
3981
4002
4015
3999
4000
4981
4017
3000
4000
4978
3998
3999
5003
5000
4019
4000
4980
4019
3998
4000
3986
4014
4000
4999
4981
5001
4018
3998
3005
6976
4018
4000
3982
5002
5014
3000
4980
4019
4000
3999
3980
5020
4000
3999
3981
5005
3996
3999
4003
5016
3998
3999
3981
5003
3998
3999
4998
4996
3999
5003
5001
4996
4001
6022
3999
3998
4000
5980
4017
3000
4991
4991
4018
4000
4981
4018
3999
4000
4981
4019
4000
3999
6986
3996
3999
3997
5002
5018
4999
3979
3998
3999
4023
5985
3992
5000
5003
5000
5017
4982
5017
3999
3999
4983
4016
4980
2999
5021
4997
5983
5002
4997
4000
5001
5000
6018
4998
4980
5997
3999
5004
7000
3996
8001
5999
3998
7002
4016
3999
3999
4985
4015
3999
2999
6984
3996
3999
6022
4998
4000
4984
3998
4015
3999
4985
5995
3998
3000
8007
4014
4998
4983
5017
3998
7984
4999
4018
4982
4017
3999
4999
3984
4000
5016
3000
5999
3999
4000
4000
4984
4002
5015
3982
5017
3986
3996
4001
5016
4982
3999
4997
5021
3999
2999
5986
4014
3998
3980
4020
3998
3000
4982
5004
4997
3999
5002
4992
3999
3999
6010
4012
3999
4980
4999
3997
3999
5022
4998
3999
2999
4983
4016
3999
4000
5986
4014
3999
5984
4017
3999
4000
4982
5018
4000
4000
4985
3996
3999
4017
4981
3997
5004
3997
5007
5013
4000
4979
5020
2999
4000
4980
4019
5000
3999
4986
4014
4998
3981
5019
4000
3999
4982
5018
3999
4000
5000
5000
3999
4980
4004
5014
2999
4982
5019
3999
3999
3981
5019
3998
3999
4980
5020
3999
4000
4981
4019
2999
4980
5003
4016
3982
5018
3998
3999
4986
5993
3997
5009
5017
3998
3999
4981
4997
2999
4001
6006
5017
6000
4977
5021
3999
3976
6008
4013
4000
3979
6003
4017
3999
4980
4002
6018
4000
4984
3996
4019
3981
5020
4000
3998
4979
5021
3999
3999
4985
7021
4980
4992
4019
4000
4000
6001
3999
3999
4980
4997
3999
4000
7005
4997
5000
5002
5994
5000
7006
4014
4999
4983
4996
3999
5022
5983
4997
5019
5983
4997
5000
5002
5014
3999
4984
5014
4000
4000
4983
4018
3999
5001
4980
5019
3999
4000
4986
5013
3999
4986
4014
4999
4000
4981
5001
3999
4003
5015
3976
3999
5003
5020
3999
3999
5981
4995
3000
4000
6009
4996
3999
6002
6001
4000
6993
5002
4000
6021
4974
3999
5005
4999
5018
4000
4978
3998
3999
5022
5985
3997
4999
7003
4015
4980
4997
5020
3999
5988
4993
4000
4000
5004
5013
4984
3995
5021
3976
4000
5003
7022
4980
6003
4996
5017
4981
5018
4979
3997
4003
5019
4985
3996
5002
4993
3999
5004
6020
3999
5000
5999
3999
3999
4979
4997
4000
3999
4004
5018
3999
3999
4985
4014
4000
4000
4981
5018
4001
4981
7998
6999
5995
3999
7010
5989
3999
10006
5002
7996
5003
6999
7997
3995
5006
7995
7998
6999
5999
3998
7006
6994
8003
8000
4998
7004
4993
5002
6000
4996
3999
4005
4994
3999
3999
6006
3994
4999
4003
6997
3999
3999
7004
4996
5005
7019
4999
3999
9979
3997
6002
4998
3999
5002
5999
3996
4999
5003
4016
4001
6981
5002
4997
7002
6001
6017
3976
4999
6005
4994
4000
6000
6002
3996
5003
4996
5023
3999
5981
5000
4999
4002
5992
4999
5001
7022
4998
4981
6020
4998
3979
5006
4013
4000
5983
5017
3999
3999
4983
4996
3999
8000
9017
10000
8980
9021
7981
6016
4002
4999
5984
4997
4017
4979
3998
5025
4976
5005
3997
4017
5980
5018
4001
3998
4986
5013
3998
4981
5001
3999
5003
5997
5017
3999
6001
4998
3999
4981
5018
4000
3999
5984
5016
4000
4982
6017
4000
3999
7002
7004
7980
4999
5014
6000
4999
3999
5982
4999
4997
5002
5018
3998
4000
4980
4018
4000
5000
5984
3997
5997
6006
4996
5019
6983
4996
4999
5007
5993
5018
4978
5002
5017
3979
5002
6017
2999
6982
5007
5012
5979
5020
3999
3990
4995
3999
4999
4986
4991
4999
6023
4999
4000
5980
5002
3998
5000
7019
3998
4999
4978
3995
3999
6009
5014
4999
4979
5021
3998
4000
4981
4018
5000
3980
5000
4018
4999
4980
5004
4997
3995
5002
5002
5001
5995
4998
5023
3998
5999
4000
4998
3981
5019
6980
6020
5982
3999
5002
6018
4997
4982
5017
3999
3999
4987
6003
3989
6004
8996
4997
8002
4020
4999
6000
4001
3999
5982
4996
4999
5004
7013
3999
3999
6985
3997
5003
5998
5021
4998
5982
5998
3999
5996
4998
3999
6003
6003
5016
4988
5011
3999
4977
5002
6020
3999
4980
5997
9000
7001
4020
4999
5998
5000
4000
4980
5019
3999
4981
5005
5013
4000
5984
5015
4000
4983
6016
4999
3999
4979
5021
4000
4980
5003
4999
5003
4997
4999
6001
5018
4998
4981
6018
3998
4999
4987
4013
5001
4984
5014
4000
5000
6010
4971
4999
5001
5015
3999
4979
5006
3996
5021
5976
5002
5018
4980
5002
4995
5002
6020
4999
5982
4999
4995
3999
6002
5998
4999
6003
6019
3998
4978
8021
7979
7000
4999
10006
6000
10002
6994
12000
10002
4995
4001
5999
5998
5001
6002
5996
6001
6999
5999
6002
5995
5002
5003
4996
5004
4997
4997
3998
5001
4002
5019
5000
4984
6015
3999
5001
4983
6015
4000
5987
5012
4000
4985
6016
3997
3999
4982
6021
3998
4979
8021
3998
4980
5997
3999
4999
9012
4992
5001
5013
5000
3999
6983
4016
4999
4984
5015
4001
6980
5998
6001
6001
6002
6004
7013
4998
4999
4986
5012
4978
6008
4012
5000
4987
4995
5016
5981
4998
7021
7986
5015
3996
4979
4998
5000
6003
8021
4999
5986
6012
4999
5981
4995
4000
5002
4999
4997
5002
8024
4997
5980
6001
3999
5004
7015
4998
4980
6019
4000
3999
5987
5013
4000
5979
5002
4999
6007
5997
6001
8007
5012
5000
5998
4001
4999
5979
6002
4994
5003
5019
4999
4980
5019
6001
4981
6018
5000
4980
4998
5020
4998
5981
4019
5000
4986
6014
3999
4980
4997
4021
3999
5980
5020
3999
6001
5999
4999
4979
6019
4999
3987
5994
5001
3996
12000
5000
7998
4998
5000
7005
4999
7000
5015
4999
5986
4996
5000
5003
5013
4999
4999
5984
5019
5000
4979
5020
5000
4979
6019
5000
4000
6000
3999
5982
7017
5000
3997
5000
7004
5021
4998
5986
4990
4999
5008
5011
4000
4985
5014
3999
4999
5986
5014
5000
5984
5017
4000
5986
5013
3999
5984
5999
3999
4999
10018
3998
9986
4998
4995
7003
6001
6002
5989
6005
5994
5022
4984
8003
5993
6002
9002
5016
5978
6016
3999
5986
5014
3998
4986
5999
4001
5987
5014
4998
4980
6021
4998
3998
5982
5018
5000
5977
5023
4998
4981
5019
4999
5986
5997
4998
6004
4991
4999
7004
6019
4998
7002
4997
4999
4986
4996
4999
4997
5005
5015
4999
4977
5022
3999
8981
4998
5000
7001
9000
7002
6018
5978
5017
4980
4999
6003
6017
4999
4983
5015
4999
4985
5015
5000
4984
5014
3999
5000
6000
4998
5000
6990
4995
4999
6001
4016
3998
4980
6020
3999
6982
5017
4999
5980
5019
5000
6987
5994
4000
9001
5016
4980
6002
3999
6017
5983
6002
5997
5999
7003
7000
6015
4997
6992
5987
3998
6006
4993
3999
7007
4993
5001
6017
5995
5005
5986
5012
4999
4980
5997
4999
5003
4997
4999
7009
7011
14986
13995
5014
4000
5984
4996
4999
7004
4996
3999
7003
5998
5001
6000
5019
4999
4986
6013
5000
5979
5020
5977
5003
5018
5001
4979
5000
5019
4999
4983
6019
4998
5982
6999
8000
6000
4995
6008
5997
5999
6000
7018
5978
6006
4992
6004
7000
5992
6002
4999
4998
8000
4999
4986
5996
4997
4999
7004
5997
7002
5996
4999
7000
5999
3999
9004
4996
5000
6020
6002
4981
5004
5012
6000
6000
4999
4983
4997
3999
5020
5977
5000
5999
5998
6017
5984
6015
4999
4983
5017
4999
5000
6000
4980
4999
9021
3997
5980
10009
12990
12008
6010
4000
5981
6018
5000
5988
4988
3999
6005
6017
4999
4984
5015
4999
5004
7997
4999
5980
5997
3999
6005
5000
4999
6000
5999
6017
4981
6020
4998
5979
4998
5023
4979
6018
4000
5002
6999
5000
4986
4998
5014
5000
6001
4976
4999
7005
5016
5000
6981
5017
3999
6982
5018
4999
4982
6018
3999
7000
5999
3998
6980
4996
3999
6002
5003
5999
7998
5020
6980
6019
4998
5983
5016
4999
5980
5998
4999
5022
4981
3997
5017
4979
5998
5022
4980
4996
5023
5979
5019
5989
5991
9022
8977
10025
7977
6997
5002
7005
5996
7998
10020
10980
8998
7001
7003
8993
5998
9003
8992
6996
4999
11007
5996
8000
6000
7999
6995
7005
5995
5999
6003
6000
5997
6001
6000
4998
7006
5996
5000
8002
4994
6000
5999
4998
5001
6001
4999
5001
6016
4999
5980
6020
4999
4980
6019
4999
4985
8014
3999
4986
6014
4999
4982
5995
4999
5002
6022
4998
4999
5985
4997
5017
5983
5015
4979
6003
6019
4998
4978
5021
5001
4980
6001
6015
8986
5996
9001
6998
7006
5992
5999
8021
4978
6001
6000
5016
5000
7999
4999
4982
6017
5000
4983
7002
5008
6997
10012
6976
5022
3999
6984
4998
4999
7001
5999
6020
6997
4999
4999
6979
4997
6008
7014
4999
5981
6017
4999
4987
5996
5017
5980
5018
5981
5999
4998
5008
5993
4997
5021
4992
5007
5977
6002
7023
6980
6001
7016
5998
4998
4999
6001
5000
5000
7980
5018
4985
6019
4996
4999
5989
5992
4999
6018
4999
4999
7001
4998
3999
6989
5011
5000
5987
5013
4999
7979
4996
5024
5983
4997
11005
6013
4999
6982
4999
5017
6985
7001
4999
6014
8987
8991
7003
7995
6025
5983
6017
4998
6980
5018
4999
8000
5000
5000
6996
4999
5003
6020
5000
5980
6996
4999
5010
6992
6000
7004
6013
4981
6017
4999
4999
7003
4999
4980
7021
3998
5979
5021
4998
4981
8022
5009
5969
6001
5999
4997
6003
6002
6003
6012
5999
6980
5019
5999
6000
4980
6001
8999
5999
6002
8020
6975
8007
4997
7019
5998
4979
6020
4998
5981
7020
4998
5980
6020
4999
5987
6012
4999
5991
5986
4999
6023
5998
4000
6980
5019
5982
9996
5004
6999
5995
5000
7023
4999
6979
5020
5984
6002
4990
6023
5980
6019
5976
6008
5013
5977
6003
5019
4000
5984
6017
4997
5987
4992
4999
6003
7020
5000
6984
5991
5000
8023
4998
5981
6018
4998
5982
6019
4999
5979
6002
4999
6004
6013
4999
5988
4989
4999
7004
6002
6998
6996
4999
7004
5016
4998
5984
6015
3999
5982
5998
5000
6000
6018
4999
5985
5015
5986
10994
6021
5984
4991
6022
5985
4991
6022
5982
4995
9004
9999
8001
10017
5983
5997
5996
6007
6013
5999
7000
4999
4998
6988
5011
5001
7001
4999
5984
7017
5999
5983
5013
5000
7986
5995
5003
7015
5998
5985
6013
4999
5980
5020
6000
6977
5021
4999
5978
6021
5000
5981
5996
5023
6984
5013
5985
5013
5000
5980
5997
6022
4981
6018
5000
5982
6000
4995
9023
5999
4981
7018
5977
5001
6022
4998
5980
6019
5000
5980
6020
5999
5977
6021
5000
6987
5012
5001
6980
5019
6000
5986
6012
5000
6000
5999
4982
7017
4999
6986
5996
4999
5998
6020
4998
5984
6016
6000
6985
5995
6005
5989
4999
7003
6021
5999
6981
5998
6017
6000
4999
4980
5020
5998
5980
5997
6021
4980
5997
5021
6990
6010
5999
5981
6018
4999
6978
5022
5979
6998
4998
6002
5998
4999
6002
6020
4999
6986
6012
4999
5982
5017
5000
7982
4999
6001
6015
4999
5982
6001
4999
7000
5999
6000
7002
6014
7982
7017
5000
6982
6001
4996
5021
5997
5982
7000
5995
9006
6000
6997
8020
6980
6001
4996
6998
6019
4999
7001
4998
5000
8000
4999
5981
5996
4999
6012
6011
4999
6980
6018
4999
6982
5018
7987
5995
4999
7003
6014
4999
6981
5018
5979
7005
5016
5999
6000
6000
5984
6015
5999
4982
7018
5977
5002
6019
4978
5004
6018
4977
6004
6998
5997
7002
8000
6000
7017
5000
7982
6015
4986
6014
5001
4981
8020
5001
6979
5018
6000
8001
4998
4999
7000
5000
6981
6001
4999
9003
5014
5987
6011
5000
6985
6015
4998
5986
6012
5000
5985
5993
4999
7004
6001
6017
6985
5998
5996
5997
5021
4999
6000
5978
4999
6024
5998
4979
8019
4999
5981
6019
4999
6980
6019
5000
6981
5018
4983
8017
5000
7981
9003
6999
5998
6000
8020
5998
6982
6016
4999
10000
7986
5999
6013
5998
6000
5000
5999
7000
5983
7016
5977
5021
5986
5994
4997
7004
6998
9001
7001
5998
7016
5998
4984
7014
4999
5983
8002
7000
9018
7981
7995
4999
8008
6015
7988
6011
5998
7987
5994
5999
6018
4999
6986
5995
5999
8020
6999
6979
6019
4998
7979
4999
6002
7018
4978
6004
7020
6999
6981
5994
6008
6015
5999
6984
5992
6005
6000
4998
5979
6021
4999
5985
6014
6000
5982
6017
5000
7984
4998
6002
13015
11998
5001
5978
6021
5001
8986
4992
8003
12999
8000
12003
5013
5986
6013
5999
6000
7985
6015
5982
5999
6016
4981
6001
6017
5980
6019
4999
6982
7020
5979
6997
5999
6004
7019
5999
5981
6018
4998
5997
5999
6003
5992
5999
7001
6998
8012
6012
5998
7980
5998
10003
5996
7001
5016
5001
6986
6014
6000
5985
5997
7996
5999
6023
7981
5017
5984
6015
4981
6000
6018
4999
5980
6021
5999
5986
6013
6000
6980
6018
5000
7000
5982
6002
6015
5999
5979
6020
5000
5979
10000
7006
7012
5000
7003
5996
6984
6015
4999
8981
7003
9002
8991
9011
8999
10010
8984
7993
9008
6993
9003
10006
5991
8999
11001
11015
9000
10984
6995
6001
11018
9983
6998
6019
7998
5999
6984
6016
4999
5984
6015
6983
5996
5999
7002
7000
8002
6997
7017
7000
5999
6985
6014
4999
5983
5997
5999
7008
6996
8019
8981
6002
6996
5998
6999
5020
5979
7002
6017
5979
6020
5999
7980
5996
6002
7019
4999
6982
5995
5999
8025
5997
8986
7002
6990
7000
9003
8995
7003
6000
5980
6017
4999
6984
6998
4997
7020
6979
6005
5994
4999
7004
8016
5982
7017
5999
6987
6013
5983
6997
5999
8003
6999
7998
7020
6981
6017
5998
6983
5999
6016
6983
4996
8005
7015
5998
6987
6013
4999
6999
5999
5986
6018
6000
7980
6019
4998
5999
5999
5998
6002
5995
6003
9998
6997
6012
6009
7001
5981
6005
7991
6999
9009
6994
10000
6998
11001
8003
8993
6020
7999
5000
7979
5999
6002
6001
5995
6003
6996
6021
5981
7020
5999
6000
5982
6002
5997
6017
5980
7018
5000
6980
6019
6000
7000
5999
5980
6020
5998
5980
7019
5999
9002
5997
6982
5994
4999
7003
5997
7011
7012
7984
6992
5999
7004
4998
5999
7000
5000
8000
5999
5980
6007
5011
5983
6002
6014
5984
7017
5999
5980
6020
6000
6980
6019
6981
5998
4998
6004
8019
5999
6978
5997
7003
6997
6000
7022
5998
6979
7002
6000
7000
6015
5987
6012
5000
6982
6018
5000
9982
6020
6981
5996
6009
6996
5998
6999
7018
5999
6001
5998
6989
5993
5994
9010
6012
6980
5996
6022
6999
6000
4999
6980
6019
5981
7019
6000
5980
7020
5999
6978
5998
6003
7020
4999
5981
6001
5994
8026
6998
6980
6018
4999
7983
4999
7004
6996
10000
8996
7006
6995
7019
6998
5999
5979
6019
5983
9999
7999
9001
5997
7001
6017
5999
6997
6019
6999
6001
5999
7001
5999
6982
6017
5999
5984
6017
6000
6980
5999
6002
7017
5999
6985
6015
5983
7016
5999
6989
6013
5999
6999
4999
6980
6020
4999
5019
7980
6019
6000
6977
6999
6022
6999
5002
6982
5997
6001
7998
7020
6985
7012
5999
5981
6005
6013
6982
6016
5981
6018
6001
6987
6012
6982
8017
8982
9004
12993
5999
11023
6997
8986
6994
6997
7002
6001
8017
5999
6992
6006
5000
9981
5998
12000
11000
6997
8003
7017
6982
6017
5999
5983
7017
6987
6014
5999
5985
5997
6017
6980
6020
6981
9005
6012
6977
5999
7004
9020
6977
7017
5999
5982
6016
6000
7000
4999
6989
7996
6000
5998
6019
6984
6015
5999
6981
6001
5999
10018
5999
6982
5996
6008
7001
10000
7995
8004
7018
5998
7000
5999
5980
5998
5999
7004
7998
11000
7999
8999
5998
7002
8018
6985
7013
5999
6983
5996
6002
8019
6998
7980
5999
7006
7993
9003
7996
7002
6997
6002
7000
5996
8003
5997
7000
6999
6003
5998
5999
5997
7007
6014
5998
7017
6000
6978
6020
6000
7000
5999
6980
7019
5000
9002
5997
6977
6999
4999
7023
5998
5981
7001
5999
9020
6998
7984
6996
10001
11998
16999
17997
17004
13998
13998
13001
12002
11996
13999
13997
11002
11997
14003
12996
12003
9001
12997
18000
17000
14998
14002
13001
13000
11000
11998
13003
11993
13004
13000
13997
13000
14000
12998
13997
16004
10999
7999
9997
7000
8000
6996
10003
7998
11998
9009
7989
8004
7999
7998
6996
7003
7998
6998
7002
8996
7006
6003
7996
8000
7996
9003
6999
7996
5999
7004
4997
7004
7996
7003
6996
6999
7003
5996
6003
5997
5999
9004
6018
8002
6980
5999
6996
6999
9005
6994
9000
6981
7002
5997
5997
6998
6005
9999
9993
8020
5999
6980
6019
5980
7020
6000
6986
7012
6982
8020
5997
8002
6997
6980
6019
6000
8000
5998
7984
6997
7017
6999
5999
8000
5999
8000
6000
6978
6021
6000
6981
7001
6017
6980
6022
6978
6019
5999
7986
6996
6003
7014
5999
6984
6014
6980
7020
5998
7980
7020
6982
6016
6000
8000
6998
7983
7016
5981
8019
6000
7999
6000
6981
7000
6000
7995
5999
8003
6020
6980
6019
5999
7981
6019
6980
6001
7002
6996
6017
9981
6997
11006
10003
8991
7020
6980
7018
7001
6998
5000
8984
6015
6980
8020
5983
5995
5998
11005
7018
8002
6996
5986
7996
6000
7019
6999
6979
6018
4999
8000
6000
7986
6995
6999
7001
8001
9995
9003
5996
9011
7997
9995
7016
10998
7982
8996
8001
11003
10999
10017
8984
6997
10001
11002
6995
6998
9005
7996
9000
8001
6997
6999
7003
6996
7004
6996
5999
8002
5997
7004
6999
10002
15002
13996
10000
11001
6996
8003
6996
8005
11995
12006
6012
6985
6014
6000
6999
6999
7000
7020
6984
6992
18002
18000
27001
21996
9004
8014
7985
6997
5999
8018
5998
9981
6998
9005
6994
10013
6987
9999
9001
10998
8002
9001
7998
8004
12993
7001
7999
7996
9004
7995
7002
6999
7005
7992
6999
9021
6001
7981
6996
6003
8021
6978
6997
5999
9006
6993
9005
6994
8001
6999
8007
8996
14995
12003
5998
12002
9996
9002
7996
8000
8002
7997
6999
7002
5998
5999
8004
6996
8003
6995
7003
6997
5999
8002
9013
8000
6999
7978
5996
8007
8013
6000
6978
7022
6981
7018
4999
6978
5999
8003
8023
8999
6999
7999
6999
6000
8977
6001
7006
7014
6985
6991
5999
9025
6998
8981
6994
9004
7015
8985
5994
7005
6998
8001
8016
5999
6982
6017
6981
7017
6000
6981
7004
6999
6017
5999
6979
6020
5999
8000
5999
7985
7013
6999
7000
6000
8986
8013
9998
7002
8994
8002
11018
8984
6996
8004
7012
6984
8014
6003
6980
5996
7006
8994
9005
7018
6977
8018
5999
7000
6000
7987
7013
6981
6998
7003
10020
6999
6980
6998
7000
6018
5978
8022
6000
7980
7020
5997
6999
7001
6980
8002
7002
6993
6997
9024
5997
7980
5997
7002
9021
6979
7019
6998
6986
5996
8021
6997
6979
8019
5999
8980
6000
7001
6999
7981
6018
7000
6999
6999
6980
6996
5999
7023
6000
6978
6999
6020
7008
6990
6980
8021
6984
7996
6016
8985
5997
6999
8018
5985
8014
6000
8000
6999
7990
6009
6981
8019
5999
8982
6000
11003
7996
9019
6998
9982
6016
6984
6998
8006
8014
8978
7002
7997
6998
6000
8002
6995
7008
7999
7999
7996
7003
6999
6997
8000
6996
7004
6993
7003
8998
6006
6993
5999
9013
7987
10000
7005
10995
8005
7015
7000
8977
5998
10003
6018
5983
7016
5999
8001
5999
7980
6019
8981
7018
6998
7001
6000
6994
7002
6998
6996
8024
7976
6999
8008
7014
6980
7017
5999
9000
6000
7992
6007
7981
7995
7006
8016
5999
7999
6000
6979
5997
6000
8024
6998
6980
7019
5982
7017
7000
7000
6010
7969
7020
6979
7002
7016
7001
6999
6980
7001
7000
6995
7022
7982
6016
6980
7019
7000
7001
6998
5980
8019
6000
7999
7000
8000
5999
6985
8013
6000
8993
5998
10001
6999
10008
7012
7976
6999
8020
6999
6983
7015
6985
6013
6000
7981
7022
7979
6019
6999
9979
7021
7982
6999
8000
8017
7984
6996
7996
6999
7004
7995
6999
12023
7980
8015
5983
9017
5999
8001
6999
8983
6019
6981
7018
6000
6999
5999
9982
6995
11008
8001
9997
8003
8013
6976
7022
6981
8005
6011
8985
6016
7978
7020
6000
8981
7019
6985
8015
6983
7015
6999
8000
6976
8007
7014
5981
8018
5999
7989
6019
7984
6996
7003
7015
6999
6981
7000
9021
6996
7980
6019
7982
6017
6000
7983
6999
8017
5999
7000
6999
7984
7998
7017
7000
6984
6996
8019
5979
7019
6982
10007
7010
8001
6998
7983
6994
6002
10023
6978
8000
7000
8018
6999
6980
7018
6984
7016
6000
7999
5999
8982
6018
6980
7018
7983
13016
7985
5997
6998
7001
8997
7998
7999
8023
6997
8001
5998
6982
7016
5979
7020
6999
6981
8021
6981
7000
6996
9021
6999
7999
5998
8001
6985
6996
8016
6982
7997
6999
8023
6998
8981
6019
6987
7995
7002
8016
5998
8983
6999
8005
7995
12004
7990
9023
9984
8997
11003
6998
8996
8000
8998
7998
7001
6998
7000
7997
5999
9012
7011
9000
5997
7984
7017
7978
7020
6987
7990
6999
8022
6999
8985
6996
7006
7012
7979
7019
7001
7997
5999
8002
6981
6999
6996
7982
7019
7984
6012
6982
7000
7017
6980
7021
7984
6996
6998
7019
6000
7999
6980
11003
6994
12027
8981
10004
10993
8996
10998
9006
8993
9008
8992
16003
21999
15000
19998
16005
19994
7998
10003
12000
8995
7002
8997
7002
10998
10005
7994
9005
7994
11004
6995
8000
5999
10006
6993
9004
6997
8003
6995
7003
8018
6001
7999
6000
7980
7019
7999
8000
6981
6995
6022
6986
6013
6982
8018
7000
8977
7005
8003
8000
9991
6999
11004
9002
14015
10982
7015
8999
6000
9983
6999
9000
8017
8984
8020
7997
8001
7998
6981
8998
7020
6986
5990
8007
8016
7998
7999
7000
7978
7021
5980
7020
5998
8002
6998
7980
7002
7005
8013
8999
6998
6981
7995
6999
8024
6998
10000
5999
8980
6997
8008
7016
6980
6996
7011
9992
8000
7999
9004
7995
6996
9020
6979
8020
6999
6985
7013
6989
7014
5999
7981
7018
6980
7002
8005
7990
7002
9021
6979
8996
6999
8003
7999
10017
6999
7984
17000
6994
12007
11997
7015
6985
6996
9017
7984
7003
8996
8999
6995
7001
8002
6997
7002
7018
7001
8999
6982
7016
7000
7000
7000
7986
7013
6981
9018
5980
7996
5999
8025
5997
7999
6978
7002
7997
7000
13009
7997
7015
7988
8007
6000
10984
10002
9994
10002
8017
7983
6999
10000
7016
7985
7015
7983
6996
7000
11022
7980
9017
7983
7015
6984
8014
6000
10000
6001
8982
6996
7004
7018
5999
8019
7000
8978
6998
9006
6999
8995
6999
9021
6999
8984
6997
7001
7999
9005
7998
7995
8022
7979
7982
7002
7013
5986
6992
7000
8024
8999
7999
5977
8003
8005
6991
7021
7000
12985
10018
6000
8985
6014
7983
7015
6981
8018
7000
7999
7000
7982
6999
17017
8987
6990
20001
7017
13984
12003
7995
7019
7978
7021
6986
6999
7995
8019
6980
8019
7000
8000
6999
7981
5995
8004
9019
7979
7019
6987
7011
7000
9000
7001
8985
6013
7980
7019
6988
7012
7001
7976
7003
11003
7996
7997
8022
7999
5999
8001
7976
12022
6977
16004
10020
6999
9976
6998
10020
5999
6984
6995
9009
7991
9005
6994
9005
6994
7005
7016
7978
7019
5999
10000
7983
8002
7014
7999
6999
7982
6995
8007
7997
7995
8023
8979
7019
7979
6997
7021
6982
8019
7999
6999
6986
7013
7000
7981
6996
8025
6997
8980
6998
7983
7016
8985
8015
6979
8020
5988
9011
7000
8000
6000
9000
7000
7982
7999
7996
6999
9007
8997
9000
8006
7995
7015
7980
7018
6977
8000
7022
7980
6019
6982
6999
7001
7993
8002
9015
6999
8000
6998
7985
6999
9005
7995
10003
7997
8995
7999
8024
7999
7999
6998
7983
6999
7997
8020
7981
7018
6999
8000
6981
9019
6999
6981
7004
7999
9995
12022
6998
8985
7013
7978
7004
7998
7997
14001
14007
7994
9999
9001
10015
9003
6996
7988
6992
6999
10025
10980
9997
9018
6998
7983
7016
7984
8015
6981
6996
9002
7016
6980
9020
7982
7997
7999
9002
7997
10003
6997
8001
6996
7006
6994
8004
7996
8023
7976
7001
8021
6998
7983
6999
9003
7014
7978
6999
11004
8996
10002
7000
7002
6997
7003
8020
8000
7976
8003
6996
8005
8015
7977
8020
6977
7005
8016
7999
6978
7001
9024
8978
8019
9981
6994
8005
6994
9004
6995
7003
18002
17007
13993
7017
7001
8000
7998
9000
7000
8999
6999
9001
7998
6984
8000
7000
8014
5999
9000
6999
7000
7000
7986
8013
9000
6999
7987
7012
7986
7992
8001
8018
7000
8999
7000
7998
7000
9980
10006
9995
8004
7990
8006
7998
9004
6990
9003
6996
8024
8981
9000
7999
7998
11021
7982
6999
6992
10025
8999
8975
8004
8018
6980
7017
7001
8000
6999
9001
6998
7987
7014
6979
8019
6981
9020
6999
10000
5998
10000
6000
8982
6999
7995
7999
8023
7998
8979
6997
9007
6997
8998
7001
8996
9007
9013
6980
6999
8001
6998
7023
6984
8014
6998
6981
8002
8003
8015
9982
7999
9996
6998
12022
8988
8999
10001
8993
13996
15002
11001
11003
20998
10992
12007
8999
8994
8005
7994
6999
7999
7001
7999
8003
10018
7999
7999
7999
7982
8019
7000
7000
7983
8016
7982
8016
6981
8018
6000
11979
8000
6997
7001
10021
8989
7009
7983
9999
10003
8000
10015
6998
8982
7017
8981
6995
9017
6977
8000
7019
7981
7000
8999
10023
9976
8020
9001
8001
6977
8019
6981
8018
7986
8014
6999
9999
7984
8017
6999
8982
6999
9018
6999
10001
6998
9000
7000
8998
6999
8000
7000
7983
7015
7980
7019
7981
7019
7999
9001
7999
7982
7997
8003
7017
7980
7018
7986
8014
7978
7999
7003
8019
7981
8019
7979
9020
6999
8999
7000
7018
8980
8017
7980
7996
7024
8997
6987
9013
7001
9980
6995
8022
6980
8004
8018
9998
7998
8999
7000
8000
6977
8008
7015
7999
8000
6981
7996
8001
8003
8002
10014
7983
8016
6999
8982
7000
8994
7000
10005
9003
9014
8984
9994
8996
8005
9001
8017
9984
8002
9000
10014
10999
9003
9016
9980
7998
8997
7997
9004
7994
10023
7000
10975
8003
9001
21999
14002
8996
8015
7982
7018
9982
7016
9983
8016
8999
6999
8988
7997
8003
7013
6982
8018
7980
7020
8979
7020
6982
8017
7999
8983
8016
6986
8013
7987
7995
8002
8015
7984
7014
7981
8002
8000
9019
7982
8991
8005
9019
9978
8020
8984
7997
9003
6997
11004
7993
9004
7015
7979
8023
8981
8992
8008
8014
7980
8002
7999
8014
7983
8015
6981
7019
7983
8999
9018
10979
14007
8995
9003
13015
8980
10993
9006
7015
8984
7015
7981
6996
8003
9019
7979
7997
7024
8998
7008
7991
7984
9993
7021
7999
7000
9977
7022
6999
7984
11995
6999
12003
11001
7994
12000
9005
9994
9002
6997
8004
6997
9001
7997
8002
8018
7000
7999
9002
8999
8000
9999
8980
7018
8982
8018
9001
9001
7979
9020
7978
9020
7980
8020
7985
9013
6981
8017
7984
8014
7981
8001
7000
9017
8000
7998
7000
7983
7999
9000
7999
9018
7998
8999
6999
7999
7000
8982
6996
8003
7015
7985
7996
8998
8997
9009
8013
8000
7998
7982
8019
7978
7021
7981
7996
8002
9020
7981
9004
8000
8991
8003
9019
8983
7014
7984
7998
8002
7014
8000
7017
9000
7980
8996
7001
9021
7976
8022
6999
8000
7999
8986
8013
6986
8018
8982
8014
7978
8022
7980
8020
7980
9004
8991
7022
8980
7997
9003
8997
10007
8997
14996
12997
10003
8997
10002
6998
9000
6996
9004
7018
8987
7012
7986
8994
7004
8994
8000
8001
8999
8021
6979
9001
8004
8014
8999
8000
7979
9019
7978
9021
7981
7017
8999
7017
8981
8018
7982
7999
8998
8018
7981
7001
9996
7999
11004
9017
9998
7999
8999
14000
10001
9002
7999
8999
6999
8000
9000
8979
7020
9000
6999
10001
6997
9000
8000
9000
6999
9000
7999
8999
8000
8999
8000
8000
6999
9000
6999
9000
6999
8978
6998
10009
8005
10008
6998
7980
8020
8000
7000
8981
9018
7978
8020
7981
8018
8983
7998
7999
8018
7980
8002
9999
8018
7982
8000
10003
7997
12996
10001
7997
9006
8999
10995
11004
9998
11999
7002
8998
7998
8000
8002
8998
8001
10002
6996
8000
7999
8998
7999
10006
9000
10015
7979
8021
6981
8019
8985
8996
8004
8996
9998
8996
10024
7998
9999
8000
8981
6997
10022
8978
8019
7980
8018
6978
9005
8998
8996
9002
10022
8983
9012
8982
9018
9000
6998
9002
6998
8986
8014
9002
6996
8985
8014
10001
6999
9977
6999
9002
7998
10021
7999
11988
7997
8013
7982
8001
7998
8001
8999
9019
8984
9000
8994
8019
8981
11017
10980
8002
10019
8981
9005
9993
14003
10003
11991
15002
10999
12995
23005
13002
9992
13001
13000
10001
14998
14997
10002
8998
10001
7998
8999
8003
13998
12003
9997
8995
10003
7998
10000
6999
10000
8019
9999
8981
8019
7984
8014
7981
9019
7980
7997
9002
