0
0
0
0
0
0
0
0
0
0
0
992
0
0
0
0
0
0
0
0
0
0
0
0
0
0
0
0
0
0
0
0
0
0
0
0
0
0
0
0
0
0
0
0
0
0
0
0
0
0
0
0
0
0
0
0
0
0
0
999
0
0
0
0
0
0
0
0
1000
0
0
0
0
0
0
0
0
0
0
0
0
1001
0
0
0
0
0
0
0
0
0
0
0
0
0
0
0
0
0
0
0
0
0
0
1000
0
0
0
1024
0
0
0
0
979
0
0
0
0
1003
0
0
0
0
1000
0
0
1000
0
1019
0
0
0
0
0
0
0
0
0
0
0
0
0
0
0
0
0
0
0
0
0
0
0
0
0
0
0
0
0
0
0
0
0
0
0
999
0
0
0
0
0
0
0
1000
0
0
0
0
0
0
0
0
0
0
0
0
0
1000
0
0
0
1001
0
998
0
0
0
0
0
983
0
0
1000
0
0
0
999
0
0
0
0
0
0
0
0
0
0
1003
0
0
0
1000
0
0
0
995
0
0
0
0
0
999
0
0
0
0
0
1000
0
0
0
0
999
0
0
0
0
0
1000
0
0
0
0
999
0
0
0
0
0
0
999
0
0
986
0
1001
0
0
998
0
0
0
996
0
0
0
1001
0
0
0
1001
0
0
0
1015
0
0
0
0
0
0
999
0
0
0
999
0
0
0
0
0
0
0
0
0
0
0
0
999
0
0
1000
0
0
0
999
0
0
0
1000
0
1000
0
985
0
0
1000
0
0
998
0
0
0
999
0
1003
0
0
0
997
0
0
997
0
0
0
999
0
0
1000
0
0
1000
0
0
0
999
0
0
1000
0
1009
0
0
1011
0
0
982
0
0
997
0
0
1003
0
0
996
0
0
1003
0
0
997
0
1016
0
0
999
0
0
1000
0
0
999
0
0
0
999
0
0
1000
0
0
1000
0
1000
0
0
998
0
0
0
1000
0
0
999
0
984
0
0
1000
0
1000
1000
0
998
0
998
999
0
1002
0
0
0
997
0
0
997
0
0
999
0
1021
0
0
999
0
0
0
1000
0
0
0
0
999
0
989
0
994
0
0
998
0
0
0
0
1002
0
1014
0
0
1000
0
0
1001
0
0
1000
1000
0
0
1000
0
999
0
0
1000
0
0
999
0
999
0
0
1000
0
980
0
999
0
1000
0
999
0
0
1006
0
1013
0
1000
0
0
1000
0
0
999
0
999
0
0
0
1000
0
1000
0
0
1004
0
995
0
1019
0
0
1000
0
999
0
1001
0
998
0
0
1000
0
0
0
999
0
1000
0
0
999
0
1000
0
999
0
986
0
993
0
997
0
999
1010
0
0
1012
0
1000
0
984
0
997
0
0
999
0
0
999
0
1000
0
999
0
1000
0
1000
0
1001
0
1000
0
1002
0
999
0
995
0
1004
0
997
1020
0
0
997
0
999
1000
0
0
1000
0
999
0
1001
0
1000
0
0
999
0
1000
0
0
1019
1000
1000
0
980
0
1000
999
0
0
996
0
999
0
1000
0
1000
0
999
0
1000
0
999
0
1000
0
0
1000
1012
0
990
999
0
1006
1000
1016
0
1000
0
999
0
1000
0
999
0
999
1000
0
999
0
1000
0
998
0
1002
976
0
1001
1000
0
1001
999
1006
1012
0
999
0
999
0
999
0
1000
0
999
0
999
0
1001
979
1003
0
999
997
1001
1006
994
999
1002
0
998
0
1016
0
1000
999
0
1000
0
1000
0
1000
0
999
0
1000
0
1000
999
980
0
1000
998
0
980
1006
0
1013
0
1000
999
0
1000
0
999
0
999
1000
0
1000
0
999
1000
0
978
1000
1007
0
995
0
0
1019
0
998
0
999
0
1000
999
0
1000
0
999
1000
0
999
985
997
0
1002
998
0
1000
1016
0
999
0
1000
1000
0
1000
0
1000
0
0
1000
1000
0
1000
0
999
986
1000
999
0
997
0
1000
1001
998
0
997
999
0
1000
999
0
999
0
1000
999
0
1000
1019
998
0
979
1001
0
1004
995
0
1003
997
0
1000
1000
0
999
999
0
1000
1000
0
0
998
1000
0
999
980
999
0
998
0
999
1002
997
0
999
0
0
1000
1000
0
1000
1000
0
1024
999
1000
0
999
987
992
999
0
997
1005
1000
996
0
998
999
0
1000
999
0
1000
1024
998
0
1000
1000
979
1000
1000
0
999
1006
999
997
0
999
999
0
1000
999
997
0
997
999
0
1000
1000
0
1000
1002
1001
1001
999
1007
992
0
997
999
999
1000
1002
997
0
999
999
1000
0
999
1000
1002
1000
999
0
1015
999
0
999
1000
978
997
999
0
1000
1000
1000
0
1000
999
1001
1001
1001
1000
999
1001
0
997
1000
0
998
999
0
1000
999
1000
0
999
1000
999
983
1017
999
999
983
1003
1012
1990
1998
1996
1998
0
1000
997
0
996
0
0
2005
1001
1998
2999
3000
999
1997
4001
2999
999
1001
1001
1997
2001
1999
2993
1999
2000
1003
997
999
1000
0
1003
1001
1001
998
1997
2004
998
997
999
0
1000
2005
2000
999
1997
2000
996
2000
2001
998
999
1000
0
2005
999
997
998
1005
997
996
999
999
0
1000
1000
1000
999
999
1000
999
1004
2001
1003
995
998
1000
996
1002
999
997
0
999
1000
1000
999
1000
999
2005
1002
995
1002
997
0
996
999
1002
998
0
1000
0
1002
997
999
1000
1003
2000
999
1000
1001
997
999
997
0
999
1000
999
1000
0
1000
1000
1000
1004
999
1000
999
997
1004
998
995
999
1003
1009
0
987
1020
1003
999
986
997
998
0
1999
1005
0
993
1020
999
1000
999
1000
0
999
1000
1001
999
1002
999
998
979
999
1000
998
999
997
1000
999
1000
999
1000
1001
1019
997
999
980
1000
998
1008
996
1001
997
999
1000
1000
999
999
1019
999
999
999
1000
980
1000
998
1005
2000
997
0
999
1000
1000
997
997
1000
999
2003
999
1000
1000
2002
1003
1997
1000
1000
1020
999
999
1999
999
978
999
998
1005
1001
997
999
999
997
997
999
999
1000
999
1000
2003
1001
2003
1002
1012
999
981
1019
999
999
1000
999
999
1000
981
2000
999
999
2000
997
2008
997
998
1000
999
1000
1000
1000
1002
2016
1985
998
999
2015
0
999
1000
999
1000
999
1000
998
1000
1980
999
1005
1015
978
2020
998
1000
1000
0
999
1000
1000
999
996
997
1002
2020
999
999
0
1000
999
1000
999
1000
999
999
1000
981
1003
996
1005
1994
997
999
1000
1000
999
1000
999
999
1000
1000
0
1000
1001
999
2001
2018
999
1000
999
1000
999
999
1000
999
1000
979
1001
998
1998
1002
1019
999
999
999
1000
0
1000
999
1000
1000
999
999
1981
1005
999
999
998
999
999
1000
1000
999
1000
1000
999
999
2002
2003
997
2000
1006
995
1999
1000
1000
999
1000
2000
2001
995
997
2003
998
997
999
2000
1000
999
999
999
2000
2004
999
1999
1999
997
999
999
1999
1000
1000
1000
1024
1986
993
2005
1015
995
999
1000
1000
1999
1000
999
984
998
999
1001
1000
997
1017
1000
999
1000
999
1000
999
999
0
1015
1000
1983
999
999
1002
1015
998
1000
999
999
1000
1000
987
997
1001
1000
2999
998
1999
2000
1000
997
999
2002
2001
1000
1000
2999
1998
2002
1999
999
1005
1994
1000
999
2002
2996
1997
2001
1997
3003
3999
2004
1998
1006
3012
1981
1999
1018
1000
999
1982
1000
1000
996
1018
999
1985
1014
999
999
1000
999
1000
999
1984
999
997
2004
1014
2002
998
1000
998
1001
999
1000
1000
1000
1982
1999
999
1001
984
1998
1004
991
2007
1001
2996
2000
2998
2004
1999
1013
1000
1000
999
1000
999
2982
999
999
2000
1020
998
2000
1000
999
1000
999
1000
1000
2985
994
1999
1000
999
999
1000
3004
998
3021
999
999
1999
1000
999
1000
1998
1000
1980
1004
1994
1005
1015
1999
1000
1000
1000
999
1000
999
1980
3003
995
1000
998
999
1001
999
1000
999
1000
1999
1000
1992
994
2015
985
1013
999
2000
1000
1000
999
2000
999
999
1982
2019
990
995
2013
1000
999
1000
999
2000
1982
3004
1997
996
2020
999
999
1000
1999
1000
1000
1980
3006
998
2015
980
1995
999
1000
1000
999
999
2005
1998
2000
2004
2001
996
999
2000
1000
1000
1001
1995
2007
999
1994
1006
1996
999
1999
1000
1996
997
2001
2002
1999
2006
1015
1999
1000
999
1978
2022
999
1984
998
1998
2018
1000
999
1000
1999
979
1000
1979
1000
1000
2003
1000
1997
1000
1000
1017
1998
999
982
1017
1981
999
1005
1999
998
999
2017
999
999
999
999
1000
2000
985
1993
999
1008
2013
999
999
999
1000
2000
999
1000
1979
3021
978
2004
2017
998
999
1999
1000
999
1981
998
1997
1002
2000
997
1999
1000
999
1999
1000
1000
2001
2002
2005
1994
999
1999
1000
2000
1000
2001
2001
998
3997
998
1999
1999
1008
1998
992
3022
1990
1995
1996
999
999
2000
1000
1000
2002
2000
2001
2000
1014
999
2001
999
1998
999
1000
1980
2020
980
1998
998
1999
1000
1000
1999
999
999
2000
1002
3010
2001
1995
1999
1007
1991
2001
3002
3001
1996
997
2001
998
2005
998
4002
1997
1997
1998
1000
2002
2000
1998
2016
1000
1999
1000
1999
1000
1986
3996
2000
2000
999
2003
1995
1000
2003
997
3003
1996
2000
2017
3000
1999
1999
1982
1999
1001
2000
998
1997
1000
999
2000
1003
1997
1001
2000
999
2002
1998
998
2003
996
2000
1000
1999
2001
1999
1999
1999
999
999
2004
998
1999
997
1020
1999
999
2020
999
2000
1977
999
999
1999
1000
1000
2002
2006
998
2016
1981
2019
998
1999
1000
1979
2001
1001
2017
999
1999
2000
999
1000
2000
1000
1980
999
2022
998
2987
1011
2000
1000
999
1000
1980
3019
981
1998
1996
1000
1000
999
1000
2000
1001
2003
1999
2020
998
1999
1000
1999
1000
999
1999
1981
999
2013
999
999
2000
999
2000
1000
1984
1995
997
3004
995
1999
1000
2000
999
1999
1000
2002
2001
3020
999
2000
999
2000
999
1999
1000
3000
1979
1000
2019
2000
999
1000
2000
999
1986
2996
1005
1992
1996
1000
1000
1999
1000
1999
1000
4004
1998
2020
999
1999
1000
1000
1999
1000
2983
1001
2002
1994
999
1999
999
1000
2000
3001
1998
1999
3003
2001
2001
1000
2988
1001
2001
2004
1992
1999
1000
1999
1000
2025
1998
2001
2977
2004
998
1999
1000
2000
2000
1017
1980
1999
2004
1998
999
2000
1000
2018
999
1979
1999
1999
2023
2004
993
1999
2001
997
2002
1998
2001
1999
1998
1000
1999
1999
1001
1999
1980
1998
2004
997
1999
2000
2018
2016
1000
1999
1979
2000
2006
996
1981
997
1997
1000
1999
1000
2002
2001
2000
2018
1978
1998
1000
1999
1000
1999
2003
3002
2001
1996
1000
1000
1999
2000
3019
3982
2017
1998
1999
1000
2000
2988
1992
2007
2012
998
2000
1999
999
2000
1985
1997
3006
1996
999
1999
999
1999
1000
2001
3017
1983
1016
1999
1000
1999
1000
1000
1999
3002
2000
1978
2019
999
2000
1999
1000
2000
1987
1992
2020
1999
999
1999
999
2000
2000
1982
1998
2005
996
1999
1999
1000
2000
2000
1998
3000
2000
2020
1999
999
1999
999
2000
1981
1998
2020
983
1997
1999
1000
1999
2018
1979
2001
1998
2002
1999
1000
2000
2000
2000
2997
2000
2006
1993
1996
1999
2025
1999
1979
2002
2017
2000
1999
2000
999
1999
1979
2001
1999
1019
1999
2000
999
1978
2000
1000
2001
2001
1001
2018
1999
1000
3001
998
2000
1000
2981
1998
2004
2014
2000
999
1999
999
2001
1982
1998
2005
1996
2998
2020
1999
999
3000
2001
2999
1977
999
1999
1000
1999
2000
2002
999
2016
2001
996
1999
2011
990
1997
1980
2000
1997
1999
999
2000
1000
2000
1999
2003
4003
2018
1999
1999
999
999
1983
1994
2999
999
1998
2000
999
1999
2000
2002
3003
2997
999
1999
1999
2000
3002
4000
3997
1997
1999
2000
999
4008
1997
2015
1999
1999
1000
1000
1998
2983
2000
1999
1999
1999
999
2000
2000
2004
1995
3000
1997
999
2000
1999
1999
4005
1997
2001
1999
3003
2998
3999
2996
2999
3000
1999
3003
3000
2994
1999
2003
999
999
3004
2999
1997
1998
2003
1996
999
2000
4001
2001
2000
1999
1997
999
1999
1002
2006
1996
2000
1996
2004
2000
1998
999
2000
1999
3001
997
2005
1996
999
2999
2003
2000
1997
3022
1981
1999
1999
1999
3003
1997
2002
3016
1999
1999
1999
1001
3003
2015
1999
1000
2000
1999
1000
1999
1981
2999
3001
1019
1999
1999
1000
1999
2000
2981
3002
2017
1997
1000
2000
2000
1000
2980
3001
2001
1998
2000
1999
2000
2002
3002
1992
1997
2000
1999
2000
1000
2002
3016
1984
2020
1999
1999
1999
2000
3002
1977
1997
1999
1999
1000
1999
2000
2002
3005
2001
1996
1999
2000
1999
2000
2007
2010
2000
2001
1997
2000
1978
3001
1999
2021
1999
1999
2000
1998
1980
1999
2004
1998
1999
2000
1000
3019
1997
1981
2005
1994
1997
1999
1000
3002
1997
2000
2006
2015
1998
2000
3001
1998
1979
1999
2002
1997
1999
1999
2005
1999
2003
2993
2017
2000
1999
2003
1997
1999
2981
2001
1997
1999
2019
999
2000
1999
1983
1999
2013
1999
2001
998
1999
2000
2001
3000
3002
1999
1999
1999
2000
1984
3000
2016
2999
1999
1999
999
2000
2980
1998
2022
2000
1997
2000
999
2001
2000
2978
2021
1995
999
1999
2000
1999
2001
2002
3009
1993
1999
3000
2000
2000
3020
2978
2020
1999
1999
2000
999
2980
3000
2018
2000
1999
2000
999
2000
3982
2998
1997
999
3008
2995
1996
1999
2000
2999
2000
5008
2996
2016
1999
2000
3001
2980
2002
2014
2000
1999
1999
2000
1999
1982
2999
2016
2001
1999
1999
1984
2999
1999
3017
2002
2000
2000
1983
2017
2980
1999
2019
1999
2000
1999
2000
1999
2977
2004
1996
1999
1999
3000
1999
2002
2001
2000
3001
1999
2019
1999
2001
2978
1999
2021
2000
2000
1999
2000
1980
1999
3021
1999
1983
1994
1999
1999
3009
1998
3017
2000
2999
998
2001
1979
1998
3020
2001
1998
2000
1999
2001
1979
3021
2980
3018
1999
1999
1981
2002
3014
1999
1999
1999
1000
1999
2981
3000
2019
1999
1999
2000
2000
2001
3981
3018
1998
2000
1999
2000
1980
4003
3017
1998
1999
2000
1999
1980
3006
2015
1999
1998
2000
2000
2983
3002
1997
1998
2999
1999
2000
3003
2996
2017
1999
2000
1999
2000
1985
1995
3002
1999
2000
2000
2019
1998
1989
2994
1999
1999
2000
3018
1998
2981
1999
2020
1999
1999
2979
5004
4018
1997
2000
3000
1999
2000
2981
3000
3000
2002
1996
2000
3006
2991
3003
3018
1999
1999
2000
2979
3020
1999
2981
3999
11004
2999
6001
6999
3993
4004
2999
4001
1994
1999
1999
2999
3003
3000
3017
2000
1998
2999
2983
4002
2014
1999
1998
1999
2985
2998
2017
1999
1999
2001
2999
2000
3981
2998
1999
1999
2000
2000
3007
2999
2015
2000
2998
1999
1999
2984
1996
3000
1998
1999
1999
2000
4007
2997
1995
1999
2002
2996
2006
3997
3000
1995
1999
1999
3004
3000
1996
1999
1999
3003
1997
4003
2021
2980
1999
3019
1998
1979
2999
2001
2018
1999
2000
3000
1999
2980
3006
2013
1998
4003
3983
2993
3020
1999
1980
1997
1999
2002
1999
3020
1999
1983
2017
1999
2980
1999
3020
2000
2986
1993
3009
2992
7007
1990
2007
1992
4001
2999
4021
1999
1999
1999
3978
2004
3019
1999
2998
2000
1987
3006
2013
2977
2000
2000
2000
2001
3001
3022
2998
1999
2000
1999
2980
5007
4012
3984
2996
3999
6018
1985
3001
3998
2997
3003
2000
1999
2000
4014
4003
1996
1999
2000
2000
3981
3004
1996
2999
1999
2000
4000
2998
2019
2999
1999
1999
2983
2996
2020
1999
2000
3000
2000
2980
4000
2018
2000
1999
2000
3980
2000
3019
1999
2000
1999
1999
3983
3999
3998
3998
3002
4007
2994
3004
1997
4015
4983
4018
3985
4013
3996
3008
2002
4011
4978
3000
3008
1999
2989
1998
3005
4000
4018
1981
3002
2997
3999
4007
2990
1999
4009
2992
2999
3000
2999
4000
4999
2998
2999
2001
4001
3998
1998
2999
2000
3000
3019
4999
1999
2000
3000
3985
3999
2994
1999
3002
1997
5001
1993
2999
2000
1999
4004
2998
1997
2997
1999
2999
3010
2999
2013
2999
2000
1999
1988
3993
2999
3020
1999
1999
3000
2979
2000
2997
2002
2997
2023
2978
1999
2999
2997
1999
3024
1999
3979
2021
1997
1999
2024
2999
2980
1999
3001
3017
1999
2000
2000
3999
3000
2999
1999
2000
1999
2985
2997
3018
1999
2999
1999
2980
1997
3000
4000
4022
3983
2998
2993
2002
2997
1999
3000
1999
3004
4001
1998
2998
2001
2979
4000
2015
1999
3000
1999
1999
3985
2999
2998
3002
2000
2999
3998
2997
3003
2999
6002
4999
2999
2999
4001
3999
1996
2999
3000
5003
1999
2994
1999
2999
3000
3003
3000
1996
2999
2000
3003
3999
3004
1997
1999
3997
4001
3005
2997
3002
2997
2997
2992
2996
3026
2981
2994
4006
2995
3000
2996
1999
4001
3003
1995
3002
1997
1999
4002
3000
1998
3000
1999
2019
2984
3997
2002
3994
1999
3000
3004
3000
4020
1999
1999
3978
3002
3021
1997
3000
1999
4000
2979
4021
2998
1999
2000
3980
3008
3012
1998
2000
3000
2984
3998
1998
1999
2000
3001
2996
3002
2994
1999
2999
4003
5001
3018
2999
3000
2978
3010
3010
2999
1981
4003
4001
3014
1999
1999
1999
3982
1996
1997
1999
2999
1999
3004
3998
3022
2999
2998
2980
4998
3002
2999
1999
4018
3998
2980
2997
2000
3024
2979
3002
3016
1998
2001
2977
1999
3004
3010
3009
2001
2998
3000
2979
3020
2997
1999
3002
1998
3980
2005
3014
2000
2999
2000
3980
3019
2000
3000
1999
2000
3980
3003
2997
3995
2021
2987
3996
4998
9000
9001
2999
3002
2994
3021
2999
2999
1999
3985
2996
2998
3019
1998
1999
3980
4999
1997
2999
2000
4010
3976
3020
3001
2998
3979
3000
2018
2999
2999
2000
3979
2001
3019
2000
2999
2000
4981
3000
2999
2999
2000
3998
3006
2012
2999
1999
2000
2984
2995
3020
1999
1999
3000
2980
3020
2999
2999
2985
3994
3005
3015
2999
2985
2998
2995
2020
2999
2001
3000
2999
2986
3013
3000
1999
3000
2980
2999
3021
2999
2999
2000
2979
2997
3022
2999
2999
2000
2980
3005
2991
3005
2998
2999
3003
3001
3993
3020
1999
2980
2997
4008
1997
2998
3000
3003
2999
3015
2999
3000
1999
3979
3023
1996
3000
1998
1999
2997
4005
1999
3000
2000
3999
3999
3002
2999
3000
3000
7998
2998
3003
2996
4001
3017
1999
3000
1999
3987
3012
2999
2000
2999
2000
4983
3994
1998
3000
9003
4998
3001
4003
2997
3997
2000
4004
4999
4000
2998
3998
4000
3999
3017
2999
2983
4002
3997
2015
2999
2985
1997
3999
3000
2997
2999
3000
4002
4001
3018
3000
2998
3982
4018
2999
2980
2001
3000
2999
2997
2999
1999
2999
3002
3000
3000
1996
2999
3000
3003
5001
1996
2999
2999
3003
4020
2999
1999
3000
2980
4000
3019
1999
3000
3000
2980
5022
2997
2999
2000
3984
2995
3019
3000
3000
2980
4003
2998
2999
1999
3000
3998
3019
3000
3000
1998
3980
3001
2995
1999
2999
3000
4003
4022
3000
2998
2977
6001
3999
2999
3018
2979
3018
2998
2001
1999
2999
3981
3000
1999
4005
1997
4001
4015
3000
2982
2998
3002
2999
4001
2994
2999
2000
4010
3014
2981
2998
2995
3006
4016
2999
2999
2000
3985
3014
2999
2999
2000
2999
2981
3020
1998
3000
2999
2000
3980
4006
3003
2995
2997
3004
5016
1997
2999
3000
4003
2977
3019
3000
3000
3982
3000
3000
2000
5004
4019
1999
3000
3982
4018
2975
2999
3000
2000
4003
3019
2999
1999
3000
2985
2995
3019
2000
3001
2979
2999
3000
3002
2999
3999
2999
3004
4015
2999
2980
1997
4002
3021
2998
2000
3000
2998
2981
3019
3000
3000
2998
3981
3999
3001
3017
2998
2980
4004
1997
2997
3018
1999
2981
4019
2980
2997
1999
3001
4001
4004
2998
2999
4997
4999
3022
2999
2985
4999
2997
2999
2999
3998
3003
2994
2999
2999
3002
5007
2996
3999
3000
3998
3002
2998
3000
4001
4000
3017
2999
2999
2999
3984
3015
3000
1998
2999
3987
2998
2996
2000
2999
4001
3998
4020
2999
2999
3979
4000
3019
2999
3000
3985
2998
2997
2999
1999
4002
3001
3015
2999
2000
3978
3001
3020
2999
2982
6000
5000
2015
4000
4980
4000
3019
2980
2997
2000
3003
3015
1998
3000
2999
3980
2999
4003
3001
3000
4998
2997
3998
3003
4998
4006
4014
2999
2978
4008
3992
2997
2999
3003
5005
5994
5020
4985
7014
5980
2996
7999
6005
7997
4003
5008
5986
3999
3000
5007
3996
2996
2999
4002
4004
2993
2999
3000
3003
3999
3017
3001
1998
3985
3005
3012
3000
3001
2999
4979
3020
2998
3000
4982
2997
3019
2999
3001
3980
3002
2999
2999
2999
4997
3001
3018
2999
2984
2997
3002
3015
3000
3000
3000
2984
4002
3014
3000
4000
2980
4001
3016
4002
2997
3980
4019
3985
3014
1999
5001
3982
3017
2998
3983
2996
3020
3999
3001
2986
2998
4001
2998
3000
3996
4998
4999
2979
4021
2998
3000
2999
3980
3009
2997
2000
2999
3980
4019
2999
2999
3000
3980
3999
2996
2999
2999
4012
4012
2998
3000
2999
3979
3019
3000
2999
3000
4002
2983
4016
2999
2983
4003
3013
3000
3000
3984
2999
3016
2999
2999
4000
3977
3000
2999
2999
3022
4979
3020
3000
3977
1999
4006
3016
2999
2999
3000
3979
3019
3011
4991
2982
4016
2975
3022
3000
2979
4000
3001
2995
3000
3002
5008
3014
2999
3999
3999
5000
2998
3000
2980
2997
4022
2998
3000
1999
3982
4022
2997
2999
2999
4977
5028
2994
2999
3981
4021
2997
3000
3000
3979
5002
2999
2999
3005
3998
4013
1999
2999
2980
4020
2999
2999
2999
2999
5988
2994
2999
3000
4996
2999
2999
2999
3000
2998
3998
3999
3008
4997
3016
3999
3000
3984
2997
4016
2999
3000
3983
2999
3016
3000
3001
2982
4002
3017
4000
2998
2980
4005
2997
4999
5000
5018
2976
2999
3999
4003
4021
3981
2999
4003
3993
2999
2997
2999
4004
5001
4003
2999
6997
4000
2998
3998
6002
4015
2999
3000
3985
4014
2999
2999
3000
4982
4018
2999
2998
2983
7020
3980
4002
4998
4015
2999
3000
3983
3997
2999
2999
2999
6004
4017
2999
3000
4981
4018
2998
3000
3000
3986
4012
3000
3000
3986
4017
2998
3000
3000
3980
4020
2999
2999
4000
3980
4001
2999
3001
4000
2994
3019
3000
3001
4980
4000
3018
2999
2983
3978
3002
4016
2999
4000
2980
3000
3999
3017
2999
4985
3014
3001
2998
2984
4003
4022
2999
3000
3984
2994
3997
3000
3000
4002
4020
3999
2999
2981
4001
3016
3000
3000
3985
4014
3000
3000
3000
4979
3021
3999
2999
2999
4986
4014
2999
2999
3983
4019
3998
2998
3012
3967
3998
2999
3000
4003
4001
4018
3000
2984
3000
2997
3017
3000
4001
3998
3980
3019
4000
3000
4979
3996
4022
2999
2981
3997
2999
2998
2999
3978
3999
3000
3000
4002
4007
5016
3995
3984
4014
3982
3999
3000
4002
3994
2999
3000
4002
3001
6001
6000
4999
3998
3999
2999
4005
3999
3999
2999
6005
4995
3999
4004
4000
4016
2999
4000
4980
4002
3998
2999
4998
4003
3996
2999
4005
4001
2992
3000
3006
2998
3996
2999
2999
4002
2998
4001
3017
2999
3001
2980
4020
3981
3995
3000
4001
2997
4023
4000
3984
3997
4017
3000
3984
4014
2979
2997
3000
4004
4020
4002
2996
3979
4000
4999
5003
3997
4029
3990
2998
2999
3980
4020
3999
3001
3979
4022
3998
3000
2999
6984
3994
3001
4000
5000
3997
2998
4006
6997
5999
7999
5001
4001
6001
5997
3017
2998
5982
4016
4000
2999
3988
5011
3001
2999
3983
4000
3016
3000
4000
3981
4016
3000
4000
3983
4001
3999
3000
3994
5002
3020
2999
4980
3000
3019
3000
3000
4000
4982
3999
3999
3995
4008
2996
3999
4018
3980
4001
2999
4017
2999
3978
3999
4024
2998
3981
4004
3014
3000
2999
3981
4021
3998
3000
2999
3977
4018
2999
3000
3981
3999
4020
2999
3000
5001
3999
2999
3000
3980
5998
3997
3000
4003
4017
3000
2998
4986
3991
2999
2999
4003
4001
4019
3000
3999
3985
4013
2999
3000
4981
3997
2998
3000
3000
5003
4019
3000
2999
4986
2999
4013
2999
2999
5001
4982
2999
4998
3997
3999
2999
5024
3977
4021
3999
3999
4999
4000
2999
4000
2981
5004
2996
3995
3999
4009
3990
4024
3999
3978
4020
2999
4000
2980
4001
4020
2998
2999
3978
4009
3012
3000
3993
4992
4014
3000
4001
2984
5014
2998
3000
3980
3999
2999
2999
4000
4006
4016
4001
2998
3981
4019
2999
3000
4000
3980
4018
3999
3000
5986
7002
3997
4995
5003
2999
3997
5997
4998
4000
7003
4996
3999
6003
4998
4997
6003
5000
3995
7010
6011
4982
6002
5998
4014
5984
4999
4997
6007
3995
6998
6003
5001
3998
4000
4000
4998
3022
4000
4978
6006
2998
5001
4999
3999
3999
7007
4012
3999
4979
5020
3998
3000
5983
5000
4000
3998
5997
7021
7985
3992
3997
4023
6001
3018
3000
4001
4978
3020
4000
3000
4986
3998
3996
4018
3979
4004
3997
4001
4001
3994
2999
3981
4000
3997
4017
5981
6002
8001
3999
8997
3997
4001
7004
3995
4000
4002
4995
3999
2999
5002
3999
3999
4000
4006
4992
2999
3999
4003
5000
3999
2997
4002
5000
4000
2997
4000
5004
3015
4001
3999
4981
3018
4000
3000
4977
4023
2999
3000
4985
4015
2999
4000
3980
3999
3996
3000
6003
4005
4012
3980
2996
4004
4001
4000
4018
5978
4020
4000
3985
3994
4020
2999
4000
3980
4020
4000
3999
3980
4019
3979
4006
4013
3999
2999
3983
4019
2999
3999
3978
4023
3998
3000
4979
4006
3996
3999
4002
6017
2998
3999
3981
4997
2999
2999
4002
6009
4014
3998
5002
4997
2998
3000
4982
4016
3000
4000
3987
5013
2999
4000
3984
3997
3995
3999
4009
3997
3998
3995
4998
4022
3973
5034
4966
3999
3998
4023
3979
4999
2999
3997
4005
3997
4018
3999
3983
5998
4003
3014
3983
4016
3986
3996
4001
3998
4000
3997
4001
6001
4017
3999
4981
4000
3999
3999
4003
5015
2998
3999
2984
6017
2997
3999
2999
3987
5016
2999
4000
3978
5022
4000
2999
4986
3996
3999
4000
4002
4015
4000
2999
3980
7021
4998
3981
5000
2995
2999
4000
8003
3999
4020
4984
3996
4000
4003
4000
4014
3999
4000
4013
2999
4000
8981
5999
9998
4998
6009
5995
4016
4000
3983
3999
3000
4000
4000
5982
4018
3998
3996
3989
4018
3998
3979
5004
4015
3999
2999
4981
3996
3000
2999
5008
3992
3999
4000
6010
5012
2999
4980
5001
3999
3000
5004
5014
3999
3999
3978
5003
3999
4000
4002
5015
4000
2999
4979
5019
3000
3000
4988
3993
4000
2999
6998
4021
3999
5979
4020
3998
3999
4980
5002
3998
3998
4001
5020
3999
4000
5979
3996
4009
4997
4000
3997
5018
3980
4019
3979
3996
4024
4997
3999
3000
3986
5014
3999
4000
4980
4020
3999
2999
5981
4996
3000
3999
4003
4996
3999
4000
4003
5021
4998
3000
5985
4013
3998
3980
5006
3012
4000
4000
5985
3996
3999
5021
5997
2999
5003
4975
3999
2999
5009
4014
3999
3999
5984
5015
2999
4981
4999
2997
3999
5007
3998
4014
2999
4982
5003
4014
4000
3983
4017
4000
4999
3983
5016
3999
4000
3982
4016
3980
3999
4002
4018
4981
3998
4003
7003
4997
4999
4999
4996
3999
4003
5000
3999
4000
5019
3999
3999
4982
5018
3997
2999
3984
6016
3999
3000
3983
5019
2999
4001
4987
4011
4000
3999
4980
4019
3999
2999
4981
4019
4000
4000
4985
4014
3999
4000
4979
4020
2999
3986
4000
4013
4000
3980
8002
4999
4020
4977
5020
2999
4000
4981
4019
3981
4018
6001
3976
4000
6006
7003
4998
7995
4999
4999
5000
5017
3999
5983
4015
4000
3999
4985
3998
3997
4000
6004
5999
3999
5003
5015
3998
4000
5985
3998
3998
3986
5002
5005
3992
5996
5997
4999
6011
4013
4999
4987
4013
3999
3999
5980
3996
3999
4000
6003
4020
3999
5979
4020
3998
3000
4986
4013
4000
3999
5985
4019
4000
5982
5017
3999
3982
3998
4019
4000
4001
4979
5001
3999
4017
3981
3991
4025
3996
3984
3998
5018
3999
3979
5020
5979
6015
5987
4019
4979
4019
4999
3000
5001
4986
4998
4999
4000
4013
3999
3980
4004
4998
3000
5001
5019
4998
3999
7979
4019
2999
4986
5013
2999
4000
5988
5012
4000
4000
4982
4016
4000
5986
4015
3997
4000
5987
4012
4000
4000
4981
4019
4000
4981
6003
4016
3998
4987
3996
4999
4018
4985
3995
4000
4016
5981
4019
3999
3981
6019
2000
5000
3982
4997
3997
3999
4002
4982
5003
4013
4991
6008
4999
4000
5981
5018
4000
3980
5020
3999
4000
4978
4021
3999
4000
5981
4017
5000
3980
4999
3996
4009
3993
5006
4012
1999
3999
5987
4012
3999
4986
3997
3999
5000
5001
4998
4000
4998
5019
4000
4999
3977
4022
3999
6982
6002
4014
4001
4977
4000
5023
3998
4979
5002
3995
5003
5020
5979
6000
8019
7981
6995
3996
5006
6002
4997
5998
6021
3997
4983
6019
3996
3998
4980
4020
4000
4000
4977
5009
4012
4000
5986
4995
3999
4995
6009
3995
5002
6016
4000
3999
5982
4017
4000
5982
6000
4998
5000
6998
4998
6003
7003
4996
7007
4987
4000
6003
5024
3998
4976
6019
3998
5000
3980
4999
3000
6002
3999
3997
5021
4998
4999
3987
4012
4985
3999
4000
4984
6016
3982
4000
5000
5020
3997
3000
4981
4997
3997
4002
5020
3999
3999
4980
4019
3999
4001
4982
4995
4000
3999
5004
4019
3000
3999
6981
4018
3999
4981
5020
3999
3999
5985
4014
3999
4000
5977
3999
4000
5004
5018
4000
3999
4977
4021
4000
4000
4982
4995
4000
4007
4995
4997
5023
8999
3999
4977
4002
4018
4000
3995
4021
3999
4000
3999
7002
3999
4998
3983
5015
3999
3999
6001
5000
3998
3985
4013
5000
3999
3986
5996
4020
4985
4996
4000
4000
5005
5013
3999
4000
5986
5013
3999
4980
4996
4000
4000
5008
5014
3998
3982
5000
4016
4001
3980
6019
3999
4001
5999
5000
4000
3979
5999
3997
4000
5026
4981
3999
5004
5015
3998
4999
5981
3996
5013
8989
4019
4987
6012
4001
6984
5014
3999
3978
4002
5002
4000
5996
9000
5999
7002
6002
5000
6019
5998
4000
5979
5002
3999
5001
5007
4008
4981
4028
4990
4000
4980
5020
3998
4001
4976
6022
4000
3979
7001
4994
4000
5004
4018
4000
3979
5000
5019
4000
6001
4999
3999
6990
8990
6000
4018
3999
4001
4979
5021
3999
5980
6001
4999
3995
5008
4012
5000
3980
4998
3998
4022
5000
4999
5002
3998
4980
5001
4017
4980
4018
5001
4000
4979
6005
3996
5002
5014
3999
4000
4979
6000
4019
3984
5001
6014
3999
5979
9019
10999
7979
8003
4995
4001
5007
5013
3999
4981
5019
3999
5000
7001
3998
3999
5979
5019
4000
3977
5001
4020
5001
4980
5021
3998
4000
5981
3995
4023
4979
4996
4000
5006
6001
4997
3999
4997
3997
5024
4981
4995
4017
4980
5019
3998
4001
4982
5017
3982
4999
4003
4991
5005
5007
6013
4998
4978
6003
5017
3998
5986
4013
4000
4980
5020
4998
4000
4985
5014
4000
4981
4996
4000
3999
6023
4999
3999
5000
5981
4000
4000
5998
5019
3999
4981
5018
3999
4981
4005
4995
4000
5999
5018
3999
4980
6003
3998
5998
8008
5995
11998
5003
6000
4994
5997
6005
7003
5998
7997
8995
8006
7998
10001
5995
11006
9999
6993
3999
8008
5993
4998
6002
4996
3999
7003
4997
3999
5002
4998
4999
4002
4997
4998
5022
5982
5018
5001
4985
4996
5018
3984
5001
5012
3977
4003
5019
5001
3999
4986
5014
4999
3983
4019
5000
5000
4985
3999
4982
5018
4999
5000
5999
4000
3999
5986
5013
3999
4980
6019
5000
4981
6019
4000
4980
7025
6994
4983
4998
4999
5004
4997
5999
7997
4997
4999
7000
5000
4999
6003
4996
3999
6022
4999
4999
3996
5987
4013
4980
5004
6016
3999
3999
6000
4000
4999
4980
5020
4978
4001
5018
3999
4999
4980
5023
3995
4000
4990
5992
3999
6018
5013
3999
4983
5017
4000
5002
6000
3999
4999
5980
5002
4999
6005
5013
6983
17998
7019
4997
4980
4999
3997
5000
6003
7002
4994
6009
5013
5000
4977
5021
4000
4981
4996
4999
6002
5019
4000
4999
4980
4020
4977
4000
6022
4002
4998
4984
4997
5019
4998
6003
3997
4985
7016
3998
5000
4984
5015
4999
4984
5016
5000
4979
5020
4998
4987
8020
5977
4994
5021
4999
4980
6019
4998
4000
6985
4996
5000
8003
4997
8003
6992
13007
6994
8002
5014
3979
7005
4997
5016
6984
4998
5016
5988
4012
5000
4983
5016
4988
4993
5017
4999
4000
4980
6021
4000
4980
6020
3998
4999
4983
5015
3999
6001
4977
5000
4001
6022
4998
4000
6980
5018
3999
6982
5998
4997
8004
6000
8000
5999
7999
6000
6018
6000
3999
4999
5985
5014
3999
5983
4016
5001
5980
5020
5001
4976
5007
4996
5018
4981
4995
5023
4979
4999
5002
4018
5999
5000
4999
3981
5019
5999
4979
4999
4997
5000
5008
4997
5000
5997
6997
5000
8003
4996
5000
7006
5996
5004
5993
3999
7024
5996
4999
5981
4997
5000
6003
4996
5999
5004
6995
6004
5996
5000
5005
4998
3996
6002
5002
4999
5000
7002
5993
5003
6003
5016
4999
5985
4996
5017
4981
5017
4982
4998
5020
4976
3999
5003
5019
3999
4981
4999
3997
4000
6008
5997
5000
7005
4013
4998
4982
5016
4999
3980
6020
5000
4000
6985
4996
3999
6004
5013
3999
4983
6015
3999
5001
7000
4000
7982
7001
5015
4980
5020
3999
5980
5019
3999
5999
5985
4996
5004
7994
5997
10004
7997
6001
6016
4000
5982
5996
3999
7002
6018
4999
5999
6000
3999
4985
6014
3999
4984
5016
4999
5003
5979
5001
5000
5998
5019
4999
5979
5000
4997
7006
6001
5015
5985
5013
4000
6981
5018
5000
6986
4995
5004
4994
5018
5000
11999
5999
6981
5002
6017
4983
4016
5001
5977
5023
4998
4983
6002
4016
4981
4996
5022
5000
6000
3977
4999
5003
6001
5000
6003
6016
4998
4982
5015
4999
4982
6017
5000
4980
6018
5000
4981
6018
4000
4999
6980
4996
4000
6002
4014
4999
4984
5015
5000
5983
5016
4999
5984
4998
4999
5000
5996
4998
8006
6017
5000
4983
5991
5023
4980
5000
5018
4978
5021
4998
5000
5984
4015
5999
4980
6001
5018
4978
4020
4983
5003
6014
4999
4000
6982
4996
4998
5004
5995
4000
6016
6007
4999
6980
5018
4999
5986
4995
4000
6005
6995
5000
6999
5994
5000
6005
6019
3998
6999
4998
4000
5980
4997
4000
6001
5998
5000
6000
6019
4980
6004
5014
5990
6997
4995
6000
6022
4998
4975
6024
5980
4995
5006
5016
4984
7997
7998
10005
6015
5997
6017
4999
4980
6019
3999
4982
6000
5017
4001
6983
5016
4999
5982
5017
5000
5981
5018
3999
6986
5012
5000
5978
5022
4000
5980
5001
5000
6004
5995
5000
6003
6015
5999
5978
5020
4999
4981
5018
5000
4999
7000
4979
4997
5023
4998
4000
4978
5021
5982
5003
6014
3999
4981
4995
6022
4000
5980
5019
3999
6001
5999
5000
6980
5018
5000
6985
4996
5000
6001
5015
5000
5979
4019
4999
7001
5980
6000
7017
4999
4000
6982
5018
5982
6000
4999
5997
5021
4998
5000
5998
4000
5000
5978
4999
6005
4997
4996
6018
5980
6000
5018
5981
5017
3999
4980
5020
4982
6017
5998
5000
4980
5019
4999
4989
7011
4999
4980
6003
4997
5002
5997
4997
4998
7005
5999
6004
6014
5998
6979
3997
3999
6003
5019
5000
4987
6012
4999
6002
5998
5000
7000
4999
5001
5979
5018
5001
4980
5000
5999
5998
5018
3999
5001
6000
4999
5001
7000
4976
9005
5995
6023
5979
6018
3999
6981
5018
5000
4978
6001
5006
8997
9017
8979
5021
5980
5001
4999
6004
6014
4999
6985
4996
6000
5995
4999
6000
7004
5019
4999
6985
4996
6001
6018
4999
4000
5986
4996
5001
7004
6998
6016
6979
5017
5978
4004
5018
6000
5981
5017
4981
5001
6000
6002
7016
5999
4980
6006
5995
5001
7016
4999
4984
6001
4994
7002
6996
11003
10002
11999
9996
6998
3997
7003
4997
5000
6005
5996
6009
6990
4999
7005
4994
4999
6001
4999
7003
5996
4999
6021
4982
5998
5999
5999
5019
3998
5977
6006
5012
4981
6018
4000
5985
6017
4997
6985
5001
5012
5982
5018
5000
5985
5014
4999
4984
5998
5999
6019
5981
5000
7000
6017
4998
6999
4000
3998
5986
5996
6000
5995
4999
6007
5999
6019
5977
6000
5000
6999
6001
6995
6023
5999
5979
7019
6000
7983
5015
4999
6986
5014
4998
4982
4999
5002
7000
5998
5988
5993
5995
5002
6020
5000
4980
5997
5000
6004
6017
5999
8985
5995
6000
6017
5000
4985
5995
4999
5001
8014
4999
7983
7000
8003
6997
7999
5997
4997
8005
5997
6002
7995
5998
8004
8000
8998
8999
8001
10000
11000
7006
11992
15001
12003
13994
8999
10999
6002
13002
11001
5998
11002
6997
11999
11001
7993
6004
7995
4999
11000
10003
6996
4999
5004
5996
3999
7004
5998
7023
8979
5994
9022
5982
8002
5998
4993
8006
5995
8000
6999
6004
6994
7004
11000
6997
13002
8004
5992
4001
10002
4997
8001
5999
7000
9998
5004
8999
5995
7003
5996
5001
9004
4997
8995
5999
9005
7000
5996
9003
5998
8999
5995
8010
5998
5993
9003
5994
9002
7001
8999
6999
7997
5000
5000
9003
11004
7991
6000
9000
5999
10002
5995
8003
5998
7005
5994
5998
11005
4995
10007
5994
10998
5998
9002
5998
8004
4995
5999
8006
4994
6003
11000
14996
10999
9998
9001
7003
11995
6002
8998
5996
8001
4999
5001
9002
6002
9002
5993
7004
6997
6000
10998
9004
6996
9006
7993
4997
8003
5998
8000
5999
5000
10002
4996
8001
5997
8008
8998
9002
5993
5998
10002
5004
5995
4997
7000
5999
6001
5998
5997
57005
8997
13002
6000
11003
6997
11996
7004
8995
4996
9002
5997
7010
5989
6002
6999
5999
7001
5998
5998
7005
5993
5002
7998
7008
11997
9000
7999
5999
6994
5000
9005
6994
7004
7994
6000
6001
6002
4996
6001
6999
6000
8998
6002
9002
5994
6005
5998
4995
6001
5998
5000
8008
5991
6004
6998
4999
8003
5996
6002
7018
4999
5980
6019
4999
5982
5995
5000
8003
6020
5986
7994
4999
11005
5993
6999
6018
5001
6984
4995
6018
6999
5000
7980
6998
12001
7999
8005
6015
5976
6020
5999
5986
6013
4999
6984
6015
4999
5986
6019
5998
5985
6013
5980
6020
5998
5980
6018
5000
4981
5997
5003
9001
11016
6999
5000
5980
6019
4999
6983
5017
5001
6982
4996
6002
5997
5999
8003
6021
5999
6999
6000
5978
6001
5000
5998
5018
5000
4981
7002
5999
7001
6001
5014
6980
8006
7993
7006
13000
6991
15023
8000
4997
4999
6980
4997
4999
9001
5998
9003
6020
5981
11005
12993
5996
11005
8998
11995
26003
8000
5999
6997
8003
10995
10004
6998
6998
6997
4999
8009
6991
7002
6999
7001
8999
5998
6001
4996
6003
7019
5000
5977
6021
6000
5978
5024
5997
6982
6018
4999
6999
6000
7001
5998
5000
5979
6018
5000
5981
6018
5982
7002
5996
5998
4996
6000
7010
7013
5989
8017
4999
7979
4999
4997
7005
6017
6979
6000
6003
7997
10018
9978
5021
6986
6012
5000
6981
4996
6005
6995
5999
7006
6996
6001
7994
5999
7006
5996
9001
7015
4999
4999
5000
7003
6017
6990
7010
6998
5984
5013
6001
5982
5017
6010
6993
4999
5977
7021
6001
4981
5996
6005
6004
5993
5997
6003
5996
6999
7004
6019
6976
6002
6000
8000
5996
6005
7997
6000
9018
5999
8999
6983
6003
5992
5999
6006
6014
5999
6999
5999
6001
5998
5999
6985
5016
5001
7979
5997
7003
6018
5000
7986
5013
6006
6975
5999
7007
5997
6000
7007
5010
5999
5999
5999
5000
6001
5998
5980
7021
5999
5976
4996
5998
6007
6014
4999
6982
5016
5000
8001
4999
5981
7000
5996
7006
5014
5999
6999
5000
5000
6999
6000
7000
5999
6000
7000
5000
6984
6992
4999
6009
6013
5999
6981
4996
5999
6004
8006
6993
6019
5999
6978
4998
6005
6001
7018
5978
7000
5999
7018
4998
6981
6017
4999
7000
4977
5999
6008
5993
8008
12013
8980
6019
5979
5997
6003
8001
5995
9004
6016
6984
7014
5999
5980
6019
6000
7000
4999
7987
5012
5999
5983
6001
6000
6997
5997
6025
7999
5998
6981
6000
9996
6020
5999
5982
6003
5998
6016
5000
5981
5997
5022
5981
6018
4999
7002
6980
6000
7018
4997
6000
6000
5999
5981
7019
5000
6987
6994
5000
8019
5998
6999
4999
6000
6981
6018
5000
7987
5998
12013
5980
7001
11997
7020
5010
5975
6997
6997
8005
6997
6001
7015
6000
5984
7015
5981
5996
7023
6984
6014
6980
6017
5000
6977
6022
4999
5983
6016
5000
9982
5017
6980
5996
4999
6003
7020
5000
9000
4981
7000
5999
6001
8000
6999
7003
7014
5982
6978
5999
6024
6978
5997
7008
7014
5977
8023
5998
5980
7003
4999
6997
8002
6998
7019
4999
7985
6014
5000
6987
5994
5998
6996
5000
8010
6013
6981
6015
5999
8986
6000
8996
7003
8001
7012
6000
6999
5999
6986
6013
5981
7002
5997
8002
5997
6023
6986
6014
6980
6018
5000
7001
6979
7002
6999
5995
8006
6017
6979
6996
5999
6008
6018
5984
7997
5000
6000
6017
4999
8001
5999
5000
7999
4999
6983
6017
4999
7982
7005
10995
10000
12025
8975
6998
10007
6997
8001
10998
11000
8997
7005
6989
9002
8000
14005
15002
12998
13999
7994
11001
5996
8003
5997
6002
6997
5999
8006
5994
4999
8000
5999
10006
17999
5994
6004
5995
7007
7992
6002
7001
7001
6003
9015
8978
9001
6998
6019
6000
7985
6014
6980
7001
6000
7020
6997
5979
7020
6009
5978
5994
6002
8993
5999
9006
5998
7998
6019
5981
6018
5998
5982
6019
4999
6980
5997
10002
8002
6017
6999
5980
7001
6016
5000
6983
5016
6979
9999
5999
9008
5999
6995
6018
6001
7977
5998
7006
7015
6983
6998
5999
8002
15003
9013
5989
6010
6000
6986
6013
5985
6016
5000
7985
6014
6000
7000
5998
6979
6020
5999
6985
6995
5999
5997
7023
6983
6015
5000
6978
6022
5979
7003
6994
9005
6015
6983
6015
5999
8001
5998
5982
6018
6003
8001
5999
5980
6018
5999
7981
6018
6989
8993
5999
7000
5999
11018
11978
6002
5998
7005
6015
6979
5996
8013
8008
6999
5986
6014
6976
6022
6000
5980
7001
6016
6986
5994
7009
8016
6975
7022
5999
7979
4997
6005
8016
6002
6977
4997
7007
8018
5998
7977
6998
8004
7016
5986
7012
5000
6981
6018
6000
7003
6000
6999
5998
6000
9982
6000
7998
6997
7003
6996
7023
6999
6977
6004
6015
5999
7000
12986
8015
5999
6980
8008
7995
5995
7003
8018
5999
10000
5999
8985
5997
8000
6997
8000
8000
6999
6995
5000
9002
5999
9006
6012
6984
6017
6000
8000
6000
5979
7018
5000
6977
6999
6000
8005
7018
6980
7018
5979
6002
9019
7998
7979
8008
7013
7985
6013
6986
6997
5998
8005
7993
10002
7996
7021
5999
5980
7019
6000
6986
5995
6003
7014
4999
6984
6997
6003
7998
6999
9017
6000
8979
6018
5980
6018
6000
5977
7022
5985
5994
5996
8023
5999
5999
6978
5999
7003
6001
6018
6983
7018
5979
8019
5999
6984
6014
6980
6019
6000
6978
7022
6980
8001
5999
7017
5999
5981
7018
6000
5987
7012
6000
7999
5999
6980
6019
6980
7019
7000
9002
5998
7983
5999
7004
6990
6000
8006
6994
8002
8000
8017
6999
6999
6999
5985
6000
6015
6000
6983
7017
5980
7019
5999
5977
7000
5999
7023
8979
8019
4999
6981
6020
6000
8001
5999
5979
9000
10002
10994
10007
7014
6983
6016
6988
7993
7000
8018
5999
5985
6001
5997
7998
7007
7994
5997
9000
6999
8003
6996
7000
7000
7024
6977
7003
6997
6016
6999
5981
7018
5002
7001
6981
6003
7015
5999
7001
5998
5984
7016
6000
7987
6012
6983
7015
5000
7980
6020
6981
6018
6000
6014
6985
5993
5999
8008
6014
5985
6014
6000
6980
6998
7002
7020
5980
6000
6019
5999
6981
8020
6984
6993
6020
6982
8997
11004
6996
10996
12007
8016
7981
5994
6003
7017
5999
7984
5995
7004
7997
7000
7998
6000
7000
6999
7004
6997
8002
6997
8002
7995
6000
9002
6997
7000
6999
8004
6998
5997
7004
5995
6003
6996
6000
7002
5998
6003
8996
5999
8004
6995
6002
5996
5997
7002
6999
8005
6998
8006
9991
8000
6019
5999
7000
5001
6979
6004
6015
9981
7999
9005
7015
9999
6999
6985
6013
6981
6996
7023
7976
8022
6987
6996
6000
6014
5999
7985
5992
6004
8020
5999
7981
6994
7009
7013
5979
8019
6001
6983
6998
6004
8013
5999
6980
5996
8004
7020
7979
7020
6997
7999
6000
6986
6014
6987
6989
6000
7007
6997
7000
6016
6982
6998
5997
9004
7996
7000
7016
5999
7001
5998
5983
7017
7000
6982
7018
5981
6996
5999
8025
5997
6999
7998
6000
6978
5999
7004
15002
6993
5999
8001
6998
8003
7017
7982
5996
6000
7004
5998
7000
6998
6000
6987
6014
6981
7017
5999
6983
7019
7001
6977
5998
7024
6999
8000
6976
6003
7019
5999
6990
6009
5981
8019
5999
9001
5998
7979
6019
8002
6997
6000
7000
5999
7984
6015
6000
8977
4999
8003
7001
7000
7994
11008
8014
6980
6018
6000
7000
5979
5999
7020
6983
8998
6998
9004
7016
6978
7020
6986
8010
6000
7985
5997
7003
7013
6000
6998
5998
8011
7015
8981
6015
5977
7019
6000
6983
6998
7003
6991
7005
6995
7000
8023
6999
7983
6015
6980
7018
6000
7985
7015
6979
6997
6023
6998
6000
7002
7998
5999
8001
5998
6980
5997
5999
8006
6999
8999
7018
7980
5995
8003
9002
8997
8003
8996
8002
8002
7015
6986
8012
5999
7000
6000
8983
10003
9992
7001
10006
9996
8999
9999
9000
10999
10017
11000
5980
9998
9004
9998
9000
7997
9003
6995
8003
6996
9003
6999
8006
7014
7000
7999
6000
7981
6018
6981
7996
6000
7008
6996
7998
7020
6980
7017
5980
9019
5986
6998
6015
7000
7000
7000
6977
8004
6002
6013
6986
8998
7999
9019
6999
9978
6996
7010
6997
7995
6999
7999
8015
6985
7013
7000
9002
6000
8979
6020
8999
5999
7002
7980
5999
11001
10017
6981
8019
6975
7022
6999
6001
6986
7014
5999
7981
7016
6986
7013
5985
7015
5999
6985
6992
6003
7996
7000
9023
6999
7981
6999
7002
7015
5979
7016
6000
6980
5997
7008
8015
7000
6980
6999
8018
5999
7001
6998
7000
6982
6995
7008
6014
7981
7000
6995
9000
9023
7999
6999
7000
8981
7001
7015
5983
6995
5999
7010
8014
6984
11002
10990
6000
10999
7998
9017
9001
6996
6982
7994
5999
9022
5999
6978
6021
8981
6996
8024
8980
7999
8017
6999
7000
6998
6001
7998
6000
7999
6000
6978
7022
6000
7999
6000
6983
7016
6981
8021
6007
7990
7000
6986
7014
8988
9011
6986
6996
6000
8017
5999
7986
6013
8980
7998
9004
9002
7996
7018
7981
6996
8005
6999
7017
6980
6000
8002
9016
6982
8017
12998
10000
7997
8021
6999
6984
6994
7002
5997
6999
8004
6998
7000
6018
6978
7022
5982
7001
6993
8003
8002
7018
7999
6978
9004
7993
7004
6995
8002
9018
6978
8002
7000
7018
6999
7979
5999
8010
8010
7983
6996
5999
6995
6999
9002
6997
8003
5996
10006
10995
7999
6003
6001
6994
8003
7998
7021
7981
6017
6985
7013
5982
8998
5997
9009
6995
7999
6994
8009
7991
8005
7994
7003
7996
5999
7001
6999
8004
6995
8004
7995
7003
7998
7003
7995
4999
8008
6013
9982
6996
8003
9001
10018
7999
8979
6019
8981
6997
13023
6997
6983
7017
6980
7001
8000
7017
11981
8019
6985
8014
6000
6999
5999
8003
6996
8000
7977
6001
8023
5997
8993
6009
6981
7016
7985
8014
6000
8000
6998
8999
6000
7979
7020
6986
6991
6000
8022
6998
6986
7014
9984
6015
6979
8004
7017
6999
6999
5981
6019
7000
7999
6977
8023
5998
6981
7019
6000
6980
7019
7979
7019
6981
7020
7000
7981
7018
7984
6015
6980
8020
6998
8000
7000
9000
6999
7987
7012
6988
7016
9987
8017
8976
6996
7998
7019
6982
7016
6001
7984
7015
7985
8013
6999
7001
6982
8999
7017
6985
8015
6980
8019
5998
9000
5977
7023
5976
8003
9021
9980
7014
7985
7013
6984
7015
6999
9003
7000
8001
5999
9980
5997
11004
8001
7999
5998
7980
7019
6978
8020
5986
11993
10001
9007
7992
7015
7986
7017
6997
9000
5998
7985
6999
6998
8020
6984
9014
5979
8019
6999
8001
6999
7981
6996
7011
8011
7982
6017
6987
6990
7024
6998
6998
7986
7013
6982
7017
5983
7017
7001
7000
7999
7979
6997
7021
7983
6016
6980
7020
6987
8012
5999
7982
7017
6986
7996
7003
8014
5999
7978
6999
9025
6998
9982
6998
7997
15006
7999
12013
13986
6013
6985
6996
9003
8996
10000
7999
7998
8001
6997
8003
6996
9000
6999
9000
6999
8007
6994
12002
14999
5997
9990
7996
10007
7995
9999
7001
9000
6017
9000
6998
6986
7014
9000
6984
10015
7999
6985
7014
7000
6999
7001
8983
7015
7980
6996
7003
7020
5998
9000
7980
10019
7000
7982
6999
7997
8021
6982
7995
12004
8999
9997
6998
8000
6999
9005
6993
9008
7997
9020
6998
8984
7014
6980
6997
8002
7001
7017
6985
7014
6981
8018
6980
6991
7000
9014
8981
7992
7003
8018
5999
7978
6999
10012
7993
8018
6999
7983
6998
9998
8002
7997
7997
9008
8994
9018
6986
6994
6018
7982
7018
6999
9000
6982
8001
8016
6980
7020
6980
8996
6000
8999
8001
8019
6998
8999
6999
7000
5999
7983
7020
6980
9019
5999
7978
6999
9003
7018
7999
7000
9000
6981
8002
7015
6983
15017
8997
6984
11020
13980
9017
11986
7994
11021
10989
6986
9005
12998
12018
12000
10985
8994
11021
12986
9012
8986
6995
7998
8002
11000
9017
9999
6999
7978
5999
11007
10000
10996
13000
12011
7987
8001
6997
9001
6996
8003
8001
6997
10003
5996
9006
6987
7003
7998
9002
7998
12001
8001
8994
6999
9000
7001
8998
6999
8020
5998
7983
7017
7980
7019
8989
6992
7999
8000
10010
8995
7016
7998
6999
6999
6982
7011
6978
7998
7002
9020
6980
7019
6999
8999
5999
6981
8020
6982
9017
6979
8002
6999
9000
6999
9018
6998
8978
6999
8010
7012
7980
7018
6986
6991
8025
8997
6982
7002
9016
7979
8019
7984
6998
7003
8994
11000
7017
6980
7998
7003
9021
10982
7992
8002
9000
10003
7014
8985
6996
8999
7019
7981
6017
7982
8996
9003
7018
6000
8000
6999
6978
7019
6980
9003
7997
6996
8022
7977
10006
8996
9001
8000
9001
6994
7001
10003
10998
10017
11981
6017
8980
7000
11002
9001
7996
7000
9000
5997
9002
7999
7999
7001
10000
5996
9003
7018
8986
7012
6987
7013
7000
7982
7999
7017
6998
7982
7017
7979
7022
6999
10000
9980
12020
9977
6999
9024
6997
9999
7000
8000
6999
7980
6997
8003
7020
8983
7015
9981
8001
6997
7997
8005
8018
8979
7996
8005
10999
10020
6974
9004
7998
11016
7000
8999
8001
7979
7019
6985
8015
6981
7000
5997
10008
8012
9999
6999
9999
6000
8000
7002
8983
6999
7998
5998
11986
17015
12982
8003
9999
7994
10004
9014
8980
7994
9023
7999
7976
7022
9001
6999
7983
7017
7981
6995
7003
7018
7000
7982
13022
8996
7984
8014
7980
7019
7981
8000
9003
8995
9002
8018
8997
7998
7984
8015
6984
8015
7000
9002
7000
7977
6999
8023
6999
7980
7018
8982
8000
10004
6012
6980
8019
6980
8019
7000
8999
6999
8000
7982
7001
7016
6980
8019
8000
8001
7980
8019
7000
8977
6999
8023
6998
8002
4998
8985
6996
9001
8016
7979
8002
8005
8013
7980
7995
7009
8995
9000
8018
8978
7019
8999
6982
7998
7997
7002
8003
10018
8978
7006
9013
7981
8018
6979
8020
5999
9002
6997
8982
7017
9988
7011
7984
6993
8003
8018
8001
6997
6983
9018
8984
13014
8001
6999
7985
7014
7979
7996
9008
7014
6981
7017
7001
7980
7020
7984
8013
8000
7999
7981
8018
8999
7978
8022
10977
9003
6996
9004
8017
9000
6998
9985
6997
13022
12000
7996
8980
6997
13004
11003
22999
7999
7995
9001
9998
8001
8000
8001
8996
7002
11002
6998
7995
8004
9018
8001
8975
7002
9019
6980
8019
7000
8000
8000
7999
6999
8999
7000
7985
6995
10005
7012
7999
7001
10980
8019
7985
6996
8002
7014
7986
8014
8981
8019
7979
8018
6978
7021
6999
8986
8013
8000
6977
7002
8002
8003
9015
8999
7999
7982
8995
7003
8019
7980
7996
7004
9015
6998
8000
6000
10001
7001
7985
6995
9998
6997
9003
6996
15001
9002
10000
7999
8016
7979
8020
6983
8015
7000
8001
6999
9000
6998
8983
6996
9010
7012
7981
7018
7978
7998
8003
9017
6985
8013
6000
12001
7982
7012
9001
7999
8999
7977
11004
12999
8996
10016
9009
9998
8999
8999
7976
7022
6999
8983
8017
6986
8996
6998
7996
9008
8014
8980
8017
6979
8020
7980
7997
7001
9001
8000
8021
8980
8998
8004
7992
8003
8999
8998
8998
10011
7988
9004
7015
10000
6999
8986
8002
9013
6981
8001
7015
6984
6996
7021
7979
7021
7983
8015
7983
8000
9005
9001
8004
8992
8002
9001
9995
7998
9007
8016
8985
6995
8005
8012
8000
6999
9981
8002
7998
8000
8997
8021
12977
10003
10005
13993
12001
10999
13002
8994
11002
11004
10993
8998
9002
8995
10002
8000
9998
8004
8995
7001
10998
10001
8002
11997
18003
13009
8995
13992
10002
8003
9994
21002
15002
18993
16002
10999
7996
9000
6999
8003
8996
9003
6995
9004
6998
10003
7006
13012
6980
9019
7988
8011
7000
7998
6999
9023
6999
8999
7000
8001
7999
7984
8013
7981
7019
8983
7999
7999
8001
9005
8989
9007
8015
8999
6982
8002
8015
6980
8018
7000
10000
7983
8015
7981
9020
7000
9000
6999
8978
6999
9024
7998
7999
6999
9979
6999
9024
7998
7980
7997
8004
10022
8978
9997
9001
6999
9020
6979
10003
8004
9991
11003
9019
7999
7999
7980
7001
8004
8991
9005
7994
13024
7979
8996
8004
7999
8997
6998
7001
10019
7983
8015
8987
7012
6986
7013
8001
11979
15011
15010
9980
8017
7979
8019
8984
7999
8999
8004
7997
9016
6000
9001
6998
9002
6999
10977
6999
10023
6999
7999
7000
9000
7000
9001
7998
7983
7997
10018
6999
9000
7000
9976
6999
9000
7023
8998
7981
8005
8014
7981
7996
13024
10985
11013
8982
7016
8000
8000
8001
7980
7998
9020
7981
8016
6981
7999
9004
8997
9000
7997
9025
7998
9979
7999
8997
9021
8999
7982
8016
6999
9000
7999
8000
9000
9002
6982
9017
6982
11000
7999
10022
7976
7999
8003
8996
9004
8017
10981
8016
9000
6999
8991
6993
9999
6996
10022
7979
8001
8002
8015
6999
7979
8005
9002
8014
8999
6999
8987
7014
8980
7998
9001
10006
10997
8998
11000
9997
8995
9022
7998
8999
7000
8999
6999
10000
6999
9000
8003
8977
6999
9023
7999
8982
7998
9020
7998
9998
8985
7996
10002
13017
9997
6982
8016
7978
7022
8000
10000
6976
8022
7977
7005
7994
7003
9020
7976
7999
8001
8018
7982
8015
7983
8016
7984
9017
7980
8002
8002
8998
10006
7988
9007
8998
10018
7998
9000
7999
7999
7000
9000
6998
8987
8013
9001
7981
18999
25000
18999
20000
15999
18999
19002
19002
15995
15000
15001
15000
14998
12999
15004
12999
10997
16001
11999
14999
15000
7994
9001
7999
13004
15998
10002
15997
8997
10009
8990
11000
9003
8996
8003
7998
9005
6992
10005
7997
8000
7998
10002
9023
9998
9984
9995
9017
7981
7998
8001
10998
8018
10001
6998
9001
6999
8981
9018
8000
8000
8978
7020
10001
7999
9002
7997
8999
7000
8978
6999
9023
7000
8984
6998
12001
9994
8022
9979
7019
8984
6997
10004
9013
8978
8022
8999
11983
9997
13999
9002
11017
8983
8014
11001
6999
8999
7999
8981
7998
9020
7999
8999
8000
8983
7999
9020
7999
8999
8984
7999
9001
9993
12004
9998
9019
8980
7018
7987
7994
7017
8000
7986
8013
7982
8999
12002
8992
10002
9019
7982
7014
7985
7997
9000
11003
9994
9003
12000
11996
10004
9014
9983
8015
9982
6996
8002
9018
9984
8014
11979
8004
9014
7983
8000
8015
8000
8983
8996
8006
8993
10004
9019
9979
8019
8979
8003
8019
8000
7998
8985
8015
8985
8996
7997
8022
7978
7018
10001
8000
8976
8021
7980
8002
7998
8018
8980
7997
8002
7997
9003
10021
7978
8996
9005
8013
7983
8016
9983
8016
7984
11000
12000
8004
9013
7984
9013
8983
8998
9998
8020
8977
7999
9000
9010
10012
8979
8000
7999
7017
7983
9017
12983
8000
10001
8016
8977
8004
10998
9002
22001
11001
8994
9005
7993
9003
7996
9002
8019
8980
7997
10006
8999
10018
8985
8995
14998
13001
10998
10003
13999
8996
10003
9998
10001
9002
7993
9998
7001
8998
9001
9998
10005
16999
11994
13022
11985
8003
15009
12981
10004
11995
14998
12001
10001
10997
11999
7997
10001
9001
10001
9998
9003
8999
7996
10003
7998
9001
8017
10978
8000
9022
8979
8018
8980
7997
8007
9015
9979
8002
9004
8013
8999
7998
9001
8000
8999
8000
8982
8001
8992
9024
9996
9002
7020
7979
8019
8987
8994
8998
8997
8006
8016
8985
7995
8004
9016
9983
8015
9001
7997
9000
7000
9999
8002
8974
8001
9998
9004
8017
9979
7999
9002
8016
8985
7997
9001
11017
15984
10996
15002
8998
8017
11986
12995
12999
10000
8998
10999
9004
7995
8003
8996
8004
9995
10003
7996
8003
7996
10003
7999
9020
7999
8999
8000
10000
7984
9015
7985
8015
8980
8019
8980
9019
9999
8982
9017
8000
7985
9013
7985
9015
9982
7999
11000
7016
9983
9003
11997
10016
7000
11000
6999
9001
8978
9002
8998
8019
7981
8995
9027
8996
9980
8018
7982
8000
8995
7999
9003
9002
9000
8994
9021
8984
8013
8986
8014
8979
7018
7980
9021
8981
8018
8980
8019
9001
6998
10985
8015
