0
0
0
0
1000
0
0
0
0
0
998
0
0
0
999
0
0
0
0
0
1000
0
0
0
0
0
1002
0
0
0
999
0
0
0
999
0
0
0
0
0
1997
0
0
0
0
0
0
0
998
0
2023
0
0
0
0
0
0
0
0
978
2001
0
0
0
0
0
1001
0
0
0
2000
0
0
997
0
0
0
0
0
0
3000
999
0
0
0
0
0
0
0
0
4997
0
0
0
0
0
0
0
0
0
5000
0
0
0
0
0
0
0
0
0
3998
1015
0
0
0
0
0
0
0
988
5001
0
0
0
0
0
0
0
1011
0
4999
0
0
0
0
0
0
1001
0
0
4985
997
0
0
0
0
0
0
0
0
6023
0
996
0
0
0
0
0
0
0
5993
0
0
986
0
0
0
0
0
0
7001
1000
0
0
0
0
0
0
1002
0
8017
0
0
983
0
0
0
0
0
0
7021
0
0
0
998
0
0
0
0
0
6997
0
0
0
0
0
0
981
0
0
8022
0
0
0
999
0
0
0
0
0
8978
0
0
998
0
0
0
0
0
0
10014
0
0
0
0
0
0
0
0
0
10985
0
0
0
0
0
0
0
0
1001
9999
0
0
0
0
0
1001
0
0
0
9997
0
0
0
999
0
0
0
0
0
10998
0
0
0
0
1025
0
0
0
0
12000
0
0
0
0
975
0
0
0
0
11999
0
0
0
0
0
0
1001
0
0
12015
0
984
0
0
0
0
0
0
0
14015
0
0
0
981
0
0
0
0
0
14998
0
0
1000
0
0
0
0
0
0
15002
0
0
0
0
997
0
0
0
0
15003
0
0
0
0
0
0
0
1000
0
15020
0
0
0
0
0
0
0
999
0
14000
0
0
0
0
0
0
0
0
0
14981
0
998
0
0
0
0
0
0
0
17999
0
0
0
0
1001
0
0
0
0
18998
0
1000
0
0
0
0
0
0
0
17021
0
999
0
0
0
0
0
0
0
15997
0
0
999
0
0
0
0
0
0
16999
0
0
0
0
0
0
0
0
0
16980
0
0
0
0
0
0
1000
0
0
17021
982
0
0
0
0
0
0
0
1019
18000
0
0
979
0
0
0
0
0
0
18995
0
0
0
0
0
0
0
0
0
19023
0
0
0
0
0
0
0
0
0
19000
0
0
0
0
0
0
999
0
0
19000
978
0
0
0
0
0
0
0
0
20999
0
0
1001
0
0
0
0
0
0
21997
0
0
0
999
0
0
0
0
0
21004
0
0
0
0
0
1005
0
0
0
24018
0
996
0
0
0
0
0
0
0
22000
0
0
0
0
0
999
0
0
0
22981
0
0
0
0
0
999
0
0
0
22996
0
0
0
0
0
0
0
0
1000
23004
0
0
0
0
0
1003
0
0
0
23015
0
0
0
0
0
0
999
0
0
22979
0
1001
0
0
0
0
0
0
0
24019
0
0
0
0
0
0
0
999
0
23001
0
0
0
0
0
999
0
0
0
23999
0
0
1000
0
0
0
0
0
0
25002
0
0
0
0
0
0
0
0
980
25994
0
0
1000
0
0
0
0
0
0
25001
0
0
0
0
0
0
0
0
0
26024
999
0
0
0
0
0
0
999
0
24979
0
0
0
0
1021
0
0
0
0
29976
0
0
0
0
0
0
0
0
0
31001
0
0
0
0
0
0
1000
0
0
27021
0
0
0
0
0
0
0
0
0
29000
0
0
0
0
0
0
0
0
0
27979
0
0
0
0
1002
0
0
0
0
27993
0
0
0
1000
0
0
0
0
0
30023
0
0
0
999
0
0
0
0
0
31000
0
0
0
0
0
0
0
0
0
29976
1000
0
0
0
0
0
0
0
0
30023
0
0
0
1000
0
0
0
0
0
29977
0
0
998
0
0
0
0
0
0
30003
0
0
0
0
0
0
0
0
0
31016
0
0
0
0
982
0
0
0
0
30993
0
0
0
0
0
0
1000
0
0
31024
0
0
0
0
999
0
0
0
0
34978
0
0
0
0
0
1002
1000
0
0
34998
0
0
0
0
0
0
0
998
0
33003
0
0
0
0
0
0
0
0
999
33019
0
0
1000
0
0
0
0
0
0
33998
0
999
0
0
0
0
0
0
0
35001
0
0
0
0
0
0
0
0
0
34974
0
0
0
1000
0
0
0
0
0
37024
0
0
0
0
0
0
0
0
999
38983
0
0
0
0
0
0
0
0
0
36017
999
0
0
0
0
0
0
0
0
36000
0
0
0
1000
0
0
0
0
0
36000
0
0
999
0
0
0
0
0
0
38977
0
0
999
0
0
0
0
0
0
34022
0
0
0
999
0
0
0
0
0
35979
0
0
0
0
0
0
0
0
0
38997
0
0
0
0
0
0
0
0
0
38999
1001
0
0
0
0
0
0
0
0
40023
0
0
999
0
0
0
0
0
0
40004
0
0
0
0
0
0
0
996
0
38999
0
0
0
0
0
0
999
0
0
41981
0
0
0
0
0
0
1022
0
0
40997
999
0
0
0
0
0
0
0
0
41003
0
0
0
0
0
996
0
0
0
40976
0
0
0
0
0
0
0
0
0
44024
0
0
0
0
0
0
0
0
0
43978
0
0
0
0
1000
0
0
0
0
43020
0
0
0
0
0
0
0
0
0
45999
0
0
0
0
0
0
1000
0
0
42982
0
0
0
0
0
1001
0
0
0
43015
0
0
0
1000
0
0
0
0
0
44000
0
0
0
0
0
0
0
1000
0
45978
0
1025
0
0
0
0
0
0
0
46975
0
0
0
0
999
0
0
0
0
47999
0
0
0
0
0
0
0
0
0
45999
0
0
0
0
1001
0
0
0
0
48000
0
0
0
0
999
0
0
0
0
43020
0
0
0
0
0
0
1000
0
0
42983
0
0
0
0
0
999
0
0
0
47997
0
0
0
1002
0
0
0
0
0
48999
0
0
0
0
999
0
0
0
0
48017
0
0
982
0
0
0
0
0
0
53998
0
0
0
0
0
0
0
0
0
54995
0
0
0
0
1001
0
0
0
0
53003
1000
0
0
0
0
1000
0
0
998
53996
0
0
0
0
0
0
1000
0
0
48999
0
0
0
0
1001
0
0
0
0
49000
0
0
0
0
0
0
0
1000
0
50021
0
0
0
0
0
0
0
999
0
49979
1002
0
0
0
0
0
0
0
0
52018
0
0
0
0
0
0
0
0
0
53000
0
0
0
0
999
0
0
0
0
55986
0
0
0
0
0
998
0
0
0
51992
0
0
0
0
0
1000
0
0
0
55999
0
0
1027
0
0
0
0
0
0
65977
999
0
0
0
0
0
0
0
0
56998
0
0
0
0
0
0
0
0
998
49024
0
0
0
0
0
0
996
0
0
52000
0
0
1000
0
0
0
0
0
0
53979
0
0
0
0
0
1000
0
0
0
59996
0
0
0
0
0
0
1000
0
0
56002
0
0
0
0
0
0
1002
0
0
55998
0
0
997
0
0
0
0
0
0
56998
1000
0
0
0
0
0
0
0
0
58999
0
0
0
0
1001
0
0
0
0
58021
0
0
0
0
0
0
0
0
0
63980
0
0
0
0
0
0
0
0
1002
57995
0
0
0
0
0
1000
0
0
0
57020
999
0
0
0
0
0
0
0
0
61980
0
0
0
0
0
0
0
0
0
63021
0
0
0
0
0
0
0
0
0
59000
999
0
0
0
0
0
0
0
0
68981
0
0
0
1003
0
0
0
0
0
58015
0
0
0
0
0
0
0
0
0
55999
0
0
0
0
0
0
982
0
0
61017
0
0
0
0
0
1000
0
0
0
60999
0
0
0
0
0
0
0
1000
0
61979
1003
0
0
0
0
0
0
0
0
62999
0
0
0
0
0
0
1018
0
0
64998
0
0
0
0
0
0
979
0
0
63000
1000
0
0
0
0
0
0
0
0
65020
0
0
0
0
0
0
0
999
0
67979
0
0
998
0
0
0
0
0
0
64022
0
0
0
999
0
0
0
0
0
64000
0
0
999
0
0
0
0
0
0
68979
0
0
0
0
0
0
0
0
997
67000
0
0
0
0
0
0
1000
0
0
65021
0
0
0
0
0
0
0
0
982
64016
0
0
0
0
0
0
0
0
0
63000
0
0
0
0
0
0
0
0
1000
65999
1000
0
0
0
0
0
0
0
0
66977
999
0
0
0
0
0
0
0
0
71003
0
0
0
0
0
0
998
0
0
67997
0
0
1000
0
0
0
0
0
0
69022
0
999
0
0
0
0
0
0
0
69000
0
0
0
0
0
1000
0
0
0
70000
0
0
0
0
0
0
0
0
998
68983
0
0
1000
0
0
0
0
0
0
70016
0
0
0
999
0
0
0
0
0
69975
1000
0
0
0
0
0
0
0
0
76004
0
0
0
0
0
0
0
0
0
71998
0
0
0
0
0
0
0
1002
0
71994
0
0
0
0
0
0
1001
0
0
69006
0
995
0
0
0
0
0
0
0
73996
0
0
0
0
0
0
0
0
1000
73005
0
0
0
0
0
0
0
0
997
82000
0
0
0
1022
0
0
0
0
0
73998
0
1000
0
0
0
0
0
0
0
74982
0
0
0
0
0
0
0
995
0
74020
0
0
0
0
0
0
0
0
0
78000
0
0
0
0
0
0
0
0
0
80979
0
0
0
0
0
0
0
997
0
75022
1000
0
0
0
0
0
0
0
0
78978
0
0
0
0
0
1003
0
0
0
76996
0
0
0
0
0
0
1021
0
0
76979
0
0
0
0
0
0
0
0
0
73021
0
0
0
0
0
999
0
0
0
82978
0
0
0
0
0
0
998
0
0
78003
0
0
1000
0
0
0
0
0
0
81998
0
0
1000
0
0
0
0
0
0
79997
0
1000
0
0
0
0
0
0
0
78999
0
0
0
0
0
0
0
0
999
84999
0
0
0
0
1001
0
0
0
0
80021
1000
0
0
0
0
0
0
0
0
80979
0
1000
0
0
0
0
0
0
0
82020
0
0
0
0
0
0
0
0
1000
84000
0
0
0
0
0
0
0
0
0
85975
0
0
0
0
999
0
0
0
0
78005
0
0
0
0
0
0
0
0
998
82997
0
1000
0
0
0
0
0
0
0
86024
977
0
0
0
0
0
0
1002
0
88001
0
1001
0
0
0
0
0
0
0
86017
0
0
999
0
0
0
0
0
0
83000
0
1000
0
0
0
0
0
0
0
84001
0
0
0
0
0
0
0
998
0
83000
0
0
999
0
0
0
0
0
0
86977
0
0
1002
0
0
0
0
0
0
88020
0
0
0
0
0
1000
0
0
0
86000
0
0
0
0
0
0
0
0
0
86000
0
0
0
0
0
0
999
0
0
82000
0
0
0
0
0
0
0
0
0
87982
0
0
0
0
0
1018
0
0
0
87998
999
0
0
0
0
0
0
0
0
90999
0
0
0
0
0
0
0
0
999
89002
0
0
0
997
0
0
0
0
0
88980
0
0
0
0
0
1019
0
0
0
87983
1000
0
0
0
0
0
0
0
0
100000
0
0
999
0
0
0
0
0
0
101992
0
0
0
0
0
0
0
1001
0
89022
0
0
0
0
0
0
999
0
0
88983
0
0
0
1000
0
0
0
0
0
91992
0
0
1001
0
0
0
0
0
0
90006
999
0
0
0
0
0
0
0
0
94017
0
0
0
0
0
1000
0
0
0
92997
0
0
0
0
999
0
0
0
0
92977
0
0
0
0
0
0
1003
0
0
92019
0
0
0
0
999
0
0
0
0
94001
0
0
0
977
0
0
0
0
0
95023
0
0
0
0
0
977
0
0
0
99022
979
0
0
0
0
0
0
0
0
94019
0
0
0
0
0
0
0
0
0
91975
0
0
0
0
0
0
0
0
0
93004
0
0
0
0
0
0
1005
0
0
94990
0
0
0
0
0
0
0
0
0
99022
0
0
0
0
0
0
0
0
0
97977
0
0
0
0
0
0
1001
0
0
95001
0
0
0
0
1002
0
0
0
0
96000
0
0
0
0
0
997
0
0
0
97004
0
0
0
0
0
0
0
1000
0
98996
0
0
1003
0
0
0
0
0
0
98995
0
0
0
0
0
0
1003
0
0
100994
0
1001
0
0
0
0
0
0
0
98004
0
0
0
0
0
0
0
0
996
102000
0
0
0
0
0
0
0
0
0
105019
0
1000
0
0
0
0
0
0
0
101000
0
0
0
0
0
0
0
0
0
105980
0
0
0
0
0
0
0
0
997
101002
0
0
0
0
0
0
999
0
0
109019
0
0
0
999
0
0
0
0
0
107979
0
0
0
0
0
1002
0
0
0
105994
0
0
0
1000
0
0
0
0
0
97023
0
0
999
0
0
0
0
0
0
101977
0
0
0
0
0
0
0
1000
0
112000
0
0
0
0
0
996
0
0
0
103024
1000
0
0
0
0
0
0
0
0
109000
0
0
0
0
0
0
1000
0
0
105000
0
0
0
1000
0
0
0
0
0
104979
1000
0
0
0
0
0
0
0
0
108995
0
0
0
0
0
0
0
0
0
106004
1000
0
0
0
0
0
0
0
0
105019
0
0
0
1000
0
0
0
0
0
105975
0
1001
0
0
0
0
0
0
0
107004
0
0
0
0
0
0
0
0
0
108998
0
0
0
0
0
0
0
0
1003
106996
0
0
0
0
0
0
1002
0
0
108998
0
0
0
0
0
998
0
0
0
109021
0
0
0
0
0
0
0
0
0
115999
1000
0
0
0
0
0
0
0
0
115999
0
0
0
0
0
999
0
0
0
105983
0
0
0
0
0
0
0
0
0
111992
0
1001
0
0
0
0
0
0
0
109998
0
0
0
0
0
1001
0
0
0
113000
0
0
0
1000
0
0
0
0
0
110001
0
0
0
0
0
0
1002
0
0
112018
0
0
0
0
0
0
0
0
0
114000
0
1000
0
0
0
0
0
0
0
122983
0
995
0
0
0
0
0
0
0
113021
0
0
0
999
0
0
0
0
0
109979
0
0
0
1002
0
0
0
0
0
114018
0
0
0
0
0
0
0
0
0
115980
0
0
0
0
0
1023
0
0
0
115994
0
0
0
0
0
0
0
0
0
114005
0
0
997
0
0
0
0
0
0
115981
0
0
0
0
0
1000
0
0
0
117018
0
0
0
0
0
0
0
0
1000
118975
0
0
0
0
0
0
0
0
1001
116022
0
0
0
0
0
0
0
0
999
115980
0
0
0
0
0
0
0
0
0
119019
0
0
0
1000
0
0
0
0
0
119985
0
0
0
0
0
0
0
993
0
116002
0
0
0
0
0
998
0
0
0
117999
0
0
1022
0
0
0
0
0
0
119973
0
0
0
0
0
0
0
1001
0
126001
0
0
0
0
1000
0
0
0
0
123021
0
0
999
0
0
0
0
0
0
112979
0
0
0
0
1002
0
0
0
0
121018
0
0
0
0
0
0
0
0
0
133978
0
0
0
0
0
0
0
0
0
138004
0
0
0
0
0
0
996
0
0
121020
0
0
0
0
0
0
1000
0
0
122000
0
0
0
0
1000
0
0
0
0
131974
0
0
0
0
0
1001
0
0
0
122005
0
0
1000
0
0
0
0
0
0
119993
0
0
0
0
0
0
0
0
0
122998
0
0
0
0
0
0
0
0
0
130024
0
0
0
0
0
0
0
0
999
126982
0
0
0
0
0
0
0
0
0
122993
0
1001
0
0
0
0
0
0
0
130020
0
0
0
0
0
999
0
0
0
127982
0
0
999
0
0
0
0
0
0
130000
0
0
0
0
0
0
998
0
0
117000
0
0
0
0
999
0
0
0
0
127022
0
0
0
0
0
0
0
999
0
130001
0
0
0
0
0
0
0
0
0
129998
0
0
0
0
0
0
0
0
1000
126981
0
1000
0
0
0
0
0
0
0
127017
0
0
1000
0
0
0
0
0
0
130976
0
0
0
0
0
1001
0
0
0
132000
0
0
0
0
0
0
0
0
0
129003
0
0
0
0
0
0
0
0
0
128002
0
1019
0
0
0
0
0
0
0
135996
0
0
0
0
0
0
0
0
0
132000
0
0
0
0
999
0
0
0
0
132000
0
0
1000
0
0
0
0
0
0
129979
0
0
0
1022
0
0
0
0
0
141973
0
0
0
0
0
0
0
1001
0
127998
0
0
0
0
0
0
1001
0
0
130999
0
0
1001
0
0
0
0
0
0
135022
0
0
0
0
0
0
999
0
0
134976
0
0
1001
0
0
0
0
0
0
158998
0
0
0
0
1001
0
0
0
0
145001
0
0
0
0
1000
0
0
0
0
148999
0
0
0
0
0
1000
0
0
0
151001
0
0
0
0
0
0
0
999
0
146998
0
0
0
0
0
0
0
999
0
164003
0
0
0
0
0
0
1000
0
0
171994
0
0
0
0
0
0
0
0
0
149999
1000
0
0
0
0
0
0
0
1000
147000
0
0
0
0
0
0
0
1001
0
156998
0
0
0
0
0
0
0
1000
0
152002
0
0
0
0
0
0
0
999
0
158997
0
0
0
0
0
0
0
999
0
149000
0
0
0
1001
0
0
0
0
0
157002
0
0
0
0
0
0
0
0
999
160997
0
0
999
0
0
0
1005
0
0
148018
0
0
0
0
0
0
0
0
1001
132978
0
0
0
0
1004
0
0
0
0
142992
0
0
0
0
0
0
0
1000
0
145023
0
0
0
0
0
0
0
0
0
142001
0
0
0
0
0
0
0
0
0
140998
0
999
0
0
0
0
979
0
0
161002
997
0
0
0
0
0
0
0
0
150001
0
0
0
0
0
0
998
0
0
134020
0
0
0
0
0
0
0
0
0
144000
0
0
981
0
0
0
0
0
0
148997
0
0
0
1003
0
0
0
0
0
142996
0
0
0
0
0
0
0
0
1002
144018
0
0
0
0
0
0
0
0
1000
147983
0
0
0
0
0
0
0
0
0
145993
0
0
1001
0
0
0
0
0
0
145002
0
0
0
0
0
0
0
0
0
148994
0
0
0
0
0
1001
0
0
0
148022
0
0
0
0
0
0
0
0
0
145999
0
0
0
0
0
0
1000
0
0
148999
0
0
0
1000
0
0
0
0
0
148999
0
0
999
0
0
0
0
0
0
148979
0
1002
0
0
0
0
0
0
0
148997
0
0
0
0
0
1002
0
0
0
151018
0
0
0
0
0
0
0
0
0
160977
0
0
0
0
0
0
0
0
0
164002
0
0
0
0
0
999
0
0
0
155021
999
0
0
0
0
0
0
0
0
164982
0
0
0
0
0
0
994
0
0
138024
0
0
999
0
0
0
0
0
0
151000
0
0
0
0
999
0
0
0
0
155003
0
996
0
0
0
0
0
0
0
158999
0
0
0
0
0
0
0
999
0
150978
0
0
0
1002
0
0
0
0
0
155019
0
0
0
0
0
0
0
0
1000
151977
0
0
0
0
0
0
1002
0
0
152995
0
0
0
0
0
1001
0
0
0
155000
0
0
0
0
1003
0
0
0
0
156999
0
0
0
0
0
1000
0
0
0
155998
1021
0
0
0
0
0
0
0
0
155998
0
1000
0
0
0
0
0
0
0
167976
1001
0
0
999
0
0
0
0
1001
150000
0
0
0
0
0
0
0
1002
0
156994
1001
0
0
0
0
0
0
0
0
157998
0
0
0
0
0
0
0
1001
0
160022
0
0
1000
0
0
0
0
0
0
157980
0
0
0
0
0
0
998
0
0
160019
0
0
0
999
0
0
0
0
0
153978
0
1001
0
0
0
0
0
0
0
157997
0
0
0
0
0
0
0
1001
0
159003
0
999
0
0
0
0
0
0
0
159020
0
0
0
0
0
0
0
0
999
160000
0
0
0
0
0
0
1000
0
0
162976
0
0
0
0
0
1001
0
0
0
154022
0
1000
0
0
0
0
0
0
0
161000
1000
0
0
0
0
0
0
0
0
166975
0
0
1001
0
0
0
0
0
0
169022
0
0
0
0
0
0
0
0
0
170979
0
999
0
0
0
0
0
0
0
168003
0
0
0
0
0
1000
0
0
0
163994
0
0
0
0
0
0
0
999
0
164998
0
0
0
1001
0
0
0
0
0
164021
0
0
0
1000
0
0
0
0
0
165000
0
0
0
0
0
0
0
1000
0
164976
0
0
0
0
0
0
0
0
0
167998
0
1001
0
0
0
0
0
0
0
163999
0
0
0
0
0
0
0
0
0
168023
0
0
0
0
0
0
0
0
1000
167979
0
0
0
0
0
0
1002
0
0
167000
0
0
0
0
0
1000
0
0
0
163993
0
0
0
0
0
0
1001
0
0
171000
0
0
0
0
0
0
999
0
0
168022
0
0
0
0
0
0
1000
0
0
170027
0
0
0
0
0
1000
0
0
0
170980
0
0
0
0
0
0
0
0
0
170996
0
0
0
0
1005
0
0
0
0
177994
0
0
0
0
0
0
0
1002
0
191998
0
0
0
0
999
0
0
0
0
207006
0
0
0
0
0
997
0
0
0
203997
1000
0
0
0
0
0
0
999
0
196002
0
999
0
0
0
0
0
0
0
199003
0
0
996
0
0
0
0
0
0
213998
0
0
0
0
999
0
0
0
0
203001
998
0
0
0
0
0
0
0
999
193006
0
0
0
0
1002
0
0
0
0
196997
1000
0
0
0
0
1001
0
0
0
171994
0
0
0
0
0
0
0
1002
0
194996
0
0
0
0
0
0
1003
0
0
164998
0
0
0
0
997
0
0
0
0
173998
0
0
0
0
0
0
1002
0
0
177021
0
0
0
0
0
1001
0
0
0
202975
0
0
0
1000
0
0
0
0
0
178999
0
1002
0
0
0
0
0
0
0
174999
0
0
0
0
0
0
0
0
1003
185998
0
0
0
0
1000
0
0
0
0
180002
0
0
0
1000
0
0
0
0
0
179995
0
0
0
0
0
0
0
0
1002
181995
0
0
0
0
0
0
0
1000
0
177024
0
998
0
0
0
0
0
0
0
170979
0
0
0
0
0
1002
0
0
0
180018
0
0
0
0
0
0
0
0
0
181998
1000
0
0
0
0
0
0
0
0
181001
0
0
0
0
0
0
1000
0
0
181978
0
0
0
0
1002
0
0
0
0
178997
0
0
0
0
0
0
0
0
1002
182993
0
0
0
0
0
0
1002
0
0
183001
0
0
0
0
0
0
0
0
0
180996
0
0
0
0
0
0
0
0
0
184000
0
0
0
0
0
0
0
0
1002
184021
0
0
0
0
0
0
0
0
999
171000
0
1003
0
0
0
0
0
0
0
192979
0
0
0
0
0
1000
0
0
0
182356
0
0
0
999
0
0
0
0
0
184022
0
0
0
0
0
0
1000
0
0
186977
0
0
0
0
0
0
1003
0
0
198997
0
0
0
0
0
0
0
0
999
191997
0
0
0
0
0
0
0
1001
0
193007
0
0
0
0
0
0
0
0
994
185020
0
0
0
0
0
0
0
0
999
186976
0
0
1001
0
0
0
0
0
0
187998
0
0
0
1003
0
0
0
0
0
185005
0
0
0
0
0
0
0
996
0
193995
0
999
0
0
0
0
0
0
0
185005
0
0
0
0
0
0
999
0
0
212994
0
0
0
0
0
0
0
0
1001
195000
0
0
0
0
0
0
0
0
0
192003
0
0
0
0
0
0
0
1020
0
207998
0
0
1000
0
0
0
0
0
0
188980
0
0
0
0
0
0
0
0
998
187996
0
0
0
1000
0
0
0
0
0
194005
0
0
0
0
0
995
0
0
0
176999
1002
0
0
0
0
0
0
0
0
196996
0
0
0
0
0
0
0
0
1001
191998
0
0
0
0
0
0
0
0
0
191000
1001
0
0
0
0
0
0
0
0
196007
0
0
0
0
999
0
0
0
0
188994
0
0
0
0
0
1002
0
0
0
192998
0
0
0
0
0
0
0
0
0
200997
0
0
0
0
0
1002
0
0
0
198019
0
0
0
0
0
0
0
0
0
197977
0
0
0
0
0
1001
0
0
0
195001
0
0
0
0
0
0
0
0
0
203997
0
0
0
0
0
0
0
0
1001
202998
0
0
0
0
0
0
0
0
0
200003
0
0
0
0
0
0
0
0
0
204003
0
0
0
998
0
0
0
0
998
209996
0
0
0
1001
0
0
0
0
0
200998
0
0
0
0
0
0
0
1001
0
196998
0
0
0
1001
0
0
0
0
0
200022
0
0
0
0
0
0
0
0
1001
196975
0
0
0
0
0
0
1001
0
0
190005
0
0
0
997
0
0
0
0
0
199996
0
0
0
0
0
0
0
0
0
199003
0
0
0
0
0
0
0
997
0
206002
0
0
0
0
0
0
0
0
0
227000
0
0
998
0
0
0
0
998
0
188997
0
0
0
0
1001
0
0
0
0
201998
0
0
0
0
0
1001
0
0
0
205998
0
0
0
0
0
0
0
1001
0
204999
0
0
1000
0
0
0
0
0
0
211023
0
0
0
0
0
1000
0
0
0
187975
0
0
0
0
0
0
0
1001
0
208003
0
0
0
0
0
0
0
0
0
201018
0
0
0
0
0
1000
0
0
0
206978
0
0
0
0
0
0
0
0
0
209998
0
0
0
0
0
1001
0
0
0
187997
0
0
0
0
0
0
0
0
1001
220003
0
0
0
0
0
0
0
997
0
202998
0
0
0
0
0
0
1001
0
0
220000
0
0
0
0
0
1000
0
0
0
209002
0
999
0
0
0
0
0
0
998
203998
0
0
999
0
0
0
0
0
0
220999
0
1001
0
0
0
0
0
0
0
205999
0
1000
0
0
0
0
0
0
0
213004
0
0
0
0
0
0
0
0
1003
197996
998
0
0
0
0
0
0
0
0
205020
0
0
0
0
0
0
0
1000
0
212975
0
0
0
0
0
0
0
0
0
205999
0
0
0
0
0
0
999
0
0
209001
0
0
0
0
0
1000
0
0
0
201997
0
0
0
0
0
0
0
0
0
209007
0
996
0
0
0
0
0
0
0
214999
0
0
0
0
0
0
1019
0
0
208977
0
1000
0
0
0
0
0
0
0
212024
1000
0
0
0
0
0
0
0
0
198997
0
0
0
999
0
0
0
0
0
211981
0
0
0
1021
0
0
0
0
0
227977
0
0
0
0
0
1000
0
0
0
211997
999
0
0
0
0
0
0
0
0
208999
0
1001
0
0
0
0
0
0
0
214001
0
0
998
0
0
0
0
0
0
228005
0
998
0
0
0
0
0
0
0
220001
0
0
997
0
0
0
0
0
1000
218995
0
0
0
0
0
0
1002
0
0
216999
0
0
0
0
0
0
0
1000
0
225002
0
0
0
0
1000
0
0
0
0
215020
0
0
0
0
0
0
0
0
0
224977
0
0
1001
0
0
0
0
0
0
214996
0
0
0
0
0
0
0
0
1002
216996
0
0
0
0
0
0
0
0
1001
222002
0
0
0
0
0
1000
0
0
0
222997
0
1001
0
0
0
0
0
0
0
221021
0
0
0
0
0
0
0
0
999
210000
0
0
0
0
1000
0
0
0
0
222980
0
1000
0
0
0
0
0
0
0
225994
0
0
0
0
0
0
0
0
1001
230022
0
0
0
0
0
0
0
0
1000
220976
1002
0
0
0
0
0
0
0
0
216996
0
0
0
0
0
1001
0
0
0
225998
0
0
0
1001
0
0
0
0
0
224006
0
0
0
0
0
999
0
0
0
225014
0
0
1000
0
0
0
0
0
0
215999
0
1001
0
0
0
0
0
0
0
228982
0
0
0
0
0
0
1002
0
0
246992
0
0
0
0
0
0
0
0
0
238001
0
0
0
0
0
0
0
0
0
246000
0
0
997
0
0
0
0
0
0
255000
0
0
0
0
0
999
0
0
0
273001
0
1001
0
0
0
0
0
0
0
260001
0
993
0
0
0
0
0
0
1003
253000
0
0
0
0
0
0
1000
0
0
258997
0
0
0
0
0
0
0
1003
0
253999
1000
0
0
0
0
0
0
0
0
251998
0
0
0
0
0
0
0
999
0
247003
0
0
0
0
0
0
998
0
0
232000
0
999
0
0
0
0
0
0
0
240019
0
0
0
0
1001
0
0
0
0
229997
1000
0
0
0
0
0
0
0
0
221998
0
0
0
0
0
999
0
0
0
231003
0
0
998
0
0
0
0
0
0
244000
1000
0
0
0
0
0
0
0
0
234975
0
0
0
0
1001
0
0
0
0
226998
0
1001
0
0
0
0
0
0
0
232000
0
0
0
0
0
0
0
0
0
232000
0
0
0
0
0
0
0
0
0
263999
0
0
0
0
0
0
1002
0
0
239994
0
0
0
0
0
0
0
1000
0
218999
0
0
0
0
0
0
0
0
1001
235000
0
1003
0
0
0
0
0
0
0
238994
0
0
0
0
0
0
0
0
0
235024
0
0
0
0
0
0
0
0
0
220975
0
0
0
0
0
1001
0
0
0
234998
0
0
0
0
0
0
0
0
0
232003
0
1002
0
0
0
0
0
0
0
239994
0
0
0
0
999
0
0
0
0
230005
0
0
0
0
0
0
0
997
0
242020
0
0
0
0
0
1000
0
0
0
235977
0
0
0
0
0
0
0
0
1001
237023
0
0
0
0
0
0
0
0
0
234974
0
0
0
0
0
0
0
0
1001
233998
0
0
0
0
0
0
0
0
1002
247998
0
0
0
0
0
0
0
0
0
244005
997
0
0
0
0
0
0
0
0
239996
0
0
0
0
1001
0
0
0
0
235000
0
0
0
0
0
0
0
0
0
242998
0
0
0
1002
0
0
0
0
0
252997
0
0
0
0
0
0
0
0
1003
248998
0
0
0
0
0
0
0
0
0
249022
0
0
0
0
0
1000
0
0
0
244977
0
0
1001
0
0
0
0
0
0
244001
1004
0
0
0
0
0
0
0
0
244992
1001
0
0
0
0
0
0
0
998
226998
0
0
0
0
1001
0
0
0
0
247998
0
0
1001
0
0
0
0
0
0
245004
0
0
0
0
0
0
997
0
0
253997
0
0
0
0
1001
0
0
0
0
231022
0
0
0
0
1000
0
0
0
0
256982
0
0
0
0
996
0
0
0
0
244997
0
0
0
0
0
0
0
0
0
244998
0
1001
0
0
0
0
0
0
0
231998
0
0
0
0
0
0
0
0
0
247001
0
0
0
0
0
0
999
0
0
252002
0
0
0
0
0
0
0
0
0
247023
996
0
0
0
0
0
0
0
0
232999
0
0
0
0
0
1000
0
0
0
249975
0
0
0
0
0
0
0
0
0
258002
0
0
999
0
0
0
0
0
0
326001
0
0
0
0
0
0
0
0
998
241000
0
0
0
0
0
0
0
1001
0
263996
0
0
1002
0
0
0
0
0
0
249023
0
0
982
0
0
0
0
0
0
264993
0
1002
0
0
0
0
0
0
0
252002
0
0
0
0
0
0
999
0
0
250997
0
0
1000
0
0
0
0
0
0
244997
0
1004
0
0
0
0
0
0
0
250001
0
0
0
0
0
998
0
0
0
249003
0
1003
0
0
0
0
0
0
0
253989
0
0
0
0
0
0
0
0
0
259021
0
0
0
0
0
0
0
0
0
261001
0
0
0
0
0
0
0
0
999
251976
0
0
0
0
0
0
0
1001
0
264998
0
1001
0
0
0
0
0
0
0
254004
0
0
0
0
0
0
0
0
0
254994
1001
0
0
0
0
0
1005
0
0
253994
0
0
0
0
0
1000
0
0
0
255003
0
0
1000
0
0
0
0
0
0
259019
0
999
0
0
0
0
0
0
0
263976
0
0
0
0
0
0
0
0
999
257005
0
0
0
0
1000
0
0
0
0
263019
0
0
979
0
0
0
0
0
0
261000
0
999
0
0
0
0
0
997
0
251998
0
0
0
1002
0
0
0
0
0
258997
0
0
0
0
0
0
0
0
0
267002
0
0
0
0
0
0
0
0
0
261998
0
1001
0
0
0
0
0
0
0
248004
0
0
0
0
0
995
0
0
0
257000
0
0
0
0
0
999
0
0
0
259002
0
0
0
0
0
1002
0
0
0
257995
998
0
0
0
0
0
0
0
0
245003
0
0
0
0
998
0
0
0
0
263004
0
0
0
0
0
0
0
0
0
269995
999
0
0
0
0
0
0
0
0
272003
0
0
998
0
0
0
0
0
0
261998
0
0
0
0
1001
0
0
0
0
262996
0
0
0
0
0
0
1001
0
0
260998
1000
0
0
0
0
0
0
0
0
269000
0
0
0
0
0
1004
0
0
0
282993
0
0
0
0
0
0
0
0
1001
265000
0
0
0
0
0
0
0
0
998
264999
0
0
0
0
1001
0
0
0
0
253998
0
0
0
0
0
0
0
0
0
264999
0
0
1000
0
0
0
0
0
0
267023
0
0
0
0
978
0
0
0
1002
268001
0
0
0
0
0
0
0
0
0
257997
0
0
0
0
0
0
0
0
1002
268997
0
0
0
0
0
0
0
0
999
266020
0
1001
0
0
0
0
0
0
0
272977
0
0
0
0
0
0
0
0
0
267998
0
0
0
0
0
0
0
0
1001
271000
0
0
0
0
0
0
0
0
0
268022
0
0
0
0
0
1000
0
0
0
262000
0
0
0
999
0
0
0
0
0
269975
0
0
0
0
0
0
0
1001
0
268003
0
0
0
0
1000
0
0
0
0
271996
0
0
0
0
0
0
0
0
0
269998
0
0
0
0
0
0
0
1001
0
290000
0
0
0
0
0
1000
0
0
0
272997
0
0
0
1001
0
0
0
0
0
278025
0
0
0
0
0
0
0
0
0
279978
0
999
0
0
0
0
0
0
0
272995
0
0
0
0
0
0
0
1001
0
276001
0
0
0
0
0
0
0
999
0
269998
0
0
0
0
0
0
0
0
0
283022
0
0
0
0
0
0
0
0
1000
270977
0
0
0
0
0
0
0
0
0
279006
997
0
0
0
0
0
0
0
0
268995
0
0
0
0
0
0
0
0
0
289005
0
0
0
0
0
999
0
0
0
278019
0
0
0
0
0
0
0
0
0
271977
0
1001
0
0
0
0
0
0
0
281003
0
0
0
0
0
0
995
0
0
279997
0
0
0
0
0
0
1002
0
0
277997
0
0
0
0
0
0
0
1002
0
263001
0
0
0
0
0
0
0
0
1002
295995
0
0
0
0
0
0
0
0
999
279001
0
0
0
0
1011
0
0
0
0
278988
1001
0
0
0
0
0
0
0
0
287997
0
0
0
0
0
0
0
997
0
288000
0
0
0
0
0
1001
0
0
0
279999
0
1000
0
0
0
0
0
0
0
271025
999
0
0
0
0
0
0
0
0
286977
0
0
0
0
0
0
0
1000
0
285996
0
0
0
0
0
1001
0
0
0
281000
0
0
0
0
0
999
0
0
0
283022
0
977
0
0
0
0
0
0
0
287000
0
0
0
0
1000
0
0
0
0
283999
0
0
0
1000
0
0
0
0
0
272001
0
0
0
1023
0
0
0
0
0
288972
0
0
0
0
0
0
0
0
1001
281022
1001
0
0
0
0
0
0
0
0
283975
0
1000
0
0
0
0
0
0
0
289003
0
0
0
1002
0
0
0
0
0
305993
0
0
0
0
0
0
1001
0
0
293003
0
0
0
998
0
0
0
0
0
279996
0
0
0
1002
0
0
0
0
0
289997
0
0
0
0
0
0
0
0
1001
293005
0
0
0
0
997
0
0
0
0
283998
0
0
0
0
0
999
0
0
0
295999
0
0
1003
0
0
0
0
0
0
286995
0
0
1000
0
0
0
0
0
0
291021
0
0
0
0
1001
0
0
0
0
276977
0
0
0
0
0
0
0
999
0
289002
0
0
0
0
0
0
999
0
0
291000
0
0
0
0
0
999
0
0
0
287019
0
0
0
0
0
0
0
0
999
289986
0
0
0
0
0
0
0
998
0
294995
0
0
1002
0
0
0
0
0
0
297995
1001
0
1004
0
0
0
0
0
0
276994
0
0
0
0
0
0
0
0
1002
307000
0
0
0
0
0
0
0
1005
0
305992
0
0
0
0
0
0
1002
0
0
283997
0
0
0
1001
0
0
0
0
0
295022
0
0
0
0
0
0
0
0
999
291982
0
0
0
0
0
1001
0
0
0
304016
0
0
0
0
0
0
0
0
0
305979
0
0
0
0
0
0
0
0
997
294998
1001
0
0
0
0
0
0
0
0
295000
0
0
0
0
0
0
0
0
999
282027
0
0
0
0
0
0
0
0
0
302971
0
0
0
0
1001
0
0
0
0
297000
999
0
0
0
0
0
0
0
0
288002
0
0
0
0
0
0
1000
0
0
300000
0
0
0
0
0
0
0
0
0
297017
0
999
0
0
0
0
0
0
0
307983
0
0
0
0
0
0
0
997
0
273000
0
0
0
0
0
0
0
0
0
300999
0
0
0
0
0
0
0
0
0
353000
0
999
0
0
0
0
0
0
0
321999
0
0
0
0
0
1000
0
0
0
352997
0
0
0
0
0
0
0
0
0
366999
0
0
0
0
0
1001
0
0
0
329997
0
0
0
0
0
0
0
0
1001
303999
1000
0
0
0
0
0
0
0
0
312000
0
0
0
0
0
0
0
999
0
295001
0
0
0
0
0
0
0
0
0
313003
0
0
0
0
0
0
999
0
0
309997
0
0
0
0
0
0
0
996
0
294000
0
0
1001
0
0
0
0
0
0
305001
0
0
0
1006
0
0
0
0
0
303994
0
0
1000
0
0
0
0
0
0
305996
0
0
0
999
0
0
0
0
0
303998
0
0
1001
0
0
0
0
0
0
310998
0
0
0
1000
0
0
0
0
0
323002
1000
0
0
0
0
0
0
0
1000
283001
0
0
0
0
0
0
0
0
0
307016
0
0
0
0
0
0
0
0
0
309981
0
0
0
0
0
0
0
0
999
296021
0
0
0
0
0
0
980
0
0
314998
0
0
999
0
0
0
0
0
0
313997
0
1001
0
0
0
0
0
0
0
296998
0
0
0
0
0
0
0
0
1000
312999
0
0
0
0
0
0
1001
0
0
330998
0
0
0
0
0
0
0
0
0
306002
0
0
0
1002
0
0
0
0
0
320001
0
0
0
0
0
0
0
0
997
307999
0
0
0
0
0
0
0
0
0
318021
1000
0
0
0
0
0
0
0
0
311975
0
0
0
0
1001
0
0
0
0
322001
0
0
0
0
1001
0
0
0
0
331997
0
0
0
1004
0
0
0
0
0
309000
999
0
0
0
0
0
0
0
0
314997
0
0
0
0
0
0
0
0
0
313998
0
0
0
1001
0
0
0
0
0
297025
0
0
0
997
0
0
0
0
0
319998
0
0
0
0
0
0
0
0
0
315977
0
0
0
0
0
0
0
0
0
305003
0
0
0
0
0
0
0
0
998
312003
0
997
0
0
0
0
0
0
0
333997
0
0
0
0
0
1002
0
0
0
307000
0
0
0
0
0
0
0
0
0
314002
0
0
0
0
0
0
0
0
1004
315993
0
0
0
0
0
0
0
1000
0
317999
0
0
0
0
0
1000
0
0
0
319997
0
0
0
1001
0
0
0
0
0
314998
0
0
0
0
0
0
0
0
0
322002
999
0
0
0
0
0
0
0
0
338001
0
1004
0
0
0
0
0
0
0
327014
0
0
0
0
0
0
999
0
0
317981
0
0
0
0
0
0
0
0
1002
328994
0
0
0
0
0
0
0
1001
0
316001
0
0
0
0
0
999
0
0
0
332997
0
0
0
0
0
999
0
0
0
296001
0
0
0
0
0
0
0
0
1002
320001
0
1000
0
0
0
0
0
0
0
323994
0
0
0
0
1001
0
0
0
0
303000
0
0
0
0
1001
0
0
0
0
326997
0
0
0
0
1001
0
0
0
0
334999
0
0
0
0
0
0
0
0
0
306000
0
0
0
0
0
0
0
0
1002
328020
0
0
0
0
0
0
0
1000
0
328976
0
0
0
0
1000
0
0
0
0
310004
0
0
0
0
0
0
997
0
0
340997
0
1001
0
0
0
0
0
0
0
329998
1001
0
0
0
0
0
0
0
0
314000
0
0
0
0
0
0
0
0
0
334999
0
0
0
999
0
0
0
0
0
332999
0
0
0
0
0
0
0
0
0
315000
0
0
0
0
0
0
0
0
0
325002
0
0
0
0
0
0
998
0
0
339997
0
0
0
0
0
0
1001
0
0
317998
0
0
0
0
0
0
0
0
0
327999
0
0
0
1001
0
0
0
0
0
330998
0
0
0
0
0
0
0
1001
0
319998
0
1002
0
0
0
0
0
0
0
334997
0
1001
0
0
0
0
0
0
0
345008
0
0
0
0
0
0
0
0
0
331990
0
0
0
0
0
0
1002
0
0
344998
0
1001
0
0
0
0
0
0
0
340002
0
0
0
0
0
0
0
0
1002
317018
0
0
0
0
0
0
0
0
0
333999
0
0
0
0
0
0
0
0
0
338983
0
1018
0
0
0
0
0
0
0
320976
0
0
0
999
0
0
0
0
0
336375
0
0
0
0
0
0
0
0
0
334000
0
0
0
0
0
0
0
0
0
336007
0
0
0
1000
0
0
0
0
0
335992
0
0
1000
0
0
0
0
0
0
334022
0
0
0
0
0
0
999
0
0
326983
0
0
0
0
0
0
0
0
1000
338016
0
0
0
0
0
0
999
0
0
340000
0
0
0
0
0
1000
0
0
0
324998
0
0
0
0
0
0
0
1000
0
338980
0
997
0
0
0
0
0
0
0
352002
0
0
0
0
0
0
0
0
0
330995
0
0
0
0
0
0
0
0
1002
388999
0
0
0
0
0
999
0
0
0
382999
0
0
0
0
0
0
0
0
1000
375002
1002
0
0
0
0
0
0
997
0
394996
0
0
0
0
999
0
0
0
0
382001
0
0
0
0
0
1001
0
0
0
391997
0
0
0
0
0
0
999
0
0
370004
0
0
0
1002
0
0
0
0
0
334000
0
997
0
0
0
0
0
0
0
349020
0
0
0
0
0
0
0
1000
0
350001
0
0
0
0
0
0
0
0
0
324998
0
0
0
0
0
1000
0
0
0
340999
1000
0
0
0
0
0
0
0
0
358975
0
0
0
0
0
0
0
1001
0
329022
0
1000
0
0
0
0
0
0
0
343983
0
0
0
0
0
0
0
995
0
353002
0
0
0
0
1000
0
0
0
0
330999
0
0
0
0
0
0
0
0
1021
347977
1007
0
0
0
0
0
0
0
0
360990
0
0
0
0
999
0
0
0
0
315021
0
0
0
0
0
0
0
0
0
351000
0
0
0
0
0
0
0
982
0
347000
0
0
0
0
0
0
0
997
0
349019
0
0
0
0
0
1000
0
0
0
354977
0
0
0
0
0
0
0
0
0
359000
0
0
0
0
0
0
0
0
0
348998
0
0
0
0
0
1001
0
0
0
369020
0
0
0
0
0
0
0
980
0
344021
0
0
0
0
0
0
0
0
0
347976
0
0
0
0
1001
0
0
0
0
350006
0
0
0
0
0
0
0
0
998
341001
0
0
0
0
0
995
0
0
0
360020
0
0
0
0
0
0
0
0
0
358000
0
0
0
0
0
0
0
0
0
341976
0
0
0
0
0
0
0
0
0
354002
0
0
0
0
0
0
0
0
0
357002
0
0
0
0
0
0
0
0
0
349995
0
0
0
0
0
0
0
0
0
359007
0
0
0
0
0
0
1016
0
0
355978
0
0
0
0
1002
0
0
0
0
358828
0
0
0
0
0
0
0
0
0
350001
0
0
0
0
0
0
0
0
1000
359994
0
0
0
0
0
0
0
0
0
397999
0
0
0
0
0
1001
0
0
1001
391999
0
0
1002
0
0
0
0
0
0
353996
0
0
0
0
0
0
0
0
0
428006
0
0
0
0
0
1000
0
0
0
427002
0
0
0
996
0
0
0
0
0
392016
0
0
0
0
0
0
0
0
0
363001
0
0
0
0
0
0
0
0
999
344983
0
0
0
994
0
0
0
0
0
363001
0
0
0
0
0
0
1004
0
0
367997
0
0
0
0
0
998
0
0
0
347000
0
0
0
0
0
0
0
0
0
371996
0
0
0
0
1001
0
0
0
0
371004
0
0
0
0
0
0
0
1001
0
372994
0
0
0
0
0
1001
0
0
0
358996
0
0
0
0
0
0
1002
0
0
359997
0
0
0
0
1001
0
0
0
0
364020
0
0
999
0
0
0
0
0
0
370980
0
0
0
0
0
0
0
0
0
347999
0
0
0
0
0
0
0
0
0
363022
0
0
0
0
0
0
0
0
0
362978
0
0
0
999
0
0
0
0
0
352001
0
1020
0
0
0
0
0
0
0
368999
0
0
0
0
0
0
999
0
0
368976
0
0
0
0
0
1000
0
0
0
370004
0
1000
0
0
0
0
0
0
0
361018
0
0
0
0
0
999
0
0
0
363977
0
0
0
0
0
0
0
0
0
385001
0
0
0
0
0
0
0
0
0
377018
0
0
0
0
0
0
0
0
0
348979
0
0
0
0
0
0
0
0
0
366999
1001
0
0
0
0
0
0
0
0
366000
0
0
0
0
0
0
0
999
0
357008
0
0
0
0
0
0
0
0
993
376996
0
0
1002
0
0
0
0
0
0
362999
0
0
0
0
0
0
999
0
0
371023
0
0
0
0
0
0
0
0
0
368975
0
0
0
0
0
0
1003
0
0
355996
0
0
0
0
0
0
0
0
0
458000
0
0
0
1002
0
0
0
0
0
374997
0
0
1000
0
0
0
0
0
0
353000
0
0
1000
0
0
0
0
0
0
370001
0
0
0
0
1005
0
0
0
0
368995
1000
0
0
0
0
0
0
0
0
373997
0
0
0
0
0
1001
0
0
0
382002
0
0
0
1002
0
0
0
0
0
364018
0
0
0
0
0
0
0
0
0
371976
0
0
0
0
0
0
1001
0
0
376999
0
0
0
0
999
0
0
0
0
359004
0
0
0
0
0
0
0
0
1023
372973
0
0
0
0
0
0
0
0
0
378021
0
0
0
0
0
0
0
0
999
372000
0
0
0
0
0
0
0
0
999
381977
0
1000
0
0
0
0
0
0
0
359023
0
0
0
0
0
0
0
0
0
382976
0
0
0
0
0
1001
0
0
0
373999
0
0
0
0
0
999
0
0
0
365999
0
0
0
0
0
0
0
0
1002
383000
0
0
0
1001
0
0
0
0
0
372996
0
0
0
1001
0
0
0
0
0
390002
0
0
0
998
0
0
0
0
0
382000
0
0
0
0
0
0
0
0
0
370002
998
0
0
0
0
0
0
0
0
377019
0
0
0
999
0
0
0
0
0
384984
0
0
0
0
995
0
0
0
0
365998
0
0
0
0
0
1005
0
0
0
379994
0
0
0
0
0
1001
0
0
0
376999
0
0
0
0
0
999
0
0
0
389001
0
0
0
0
1002
0
0
0
0
392017
0
1000
0
0
0
0
0
0
0
361978
0
0
1001
0
0
0
0
0
0
381002
0
0
0
0
0
0
0
996
0
388002
0
0
0
0
0
0
0
0
0
380997
0
0
0
1001
0
0
0
0
0
414999
0
0
0
1005
0
0
0
0
0
432993
0
0
0
0
0
0
0
999
0
443004
0
0
0
0
0
0
0
998
0
434000
0
0
0
998
0
0
0
0
0
444000
0
0
0
0
0
0
0
1000
0
439997
0
0
0
0
0
0
1002
0
0
414996
0
0
0
0
0
0
1001
0
0
415022
0
0
0
0
0
0
1000
0
0
374976
1005
0
0
0
0
0
0
0
0
388994
0
0
0
0
0
1001
0
0
0
397001
0
0
0
0
0
0
0
0
0
356018
0
0
0
0
0
0
0
1000
0
384977
0
0
0
0
0
1002
0
0
0
379001
0
0
999
0
0
0
0
0
0
388008
0
0
0
0
0
0
0
991
0
396997
0
0
0
0
0
0
0
0
0
372003
0
0
0
0
1003
0
0
0
0
396997
0
0
0
0
0
0
0
0
0
383997
0
1021
0
0
0
0
0
0
0
401999
0
0
0
0
0
0
0
0
0
404976
999
0
0
0
0
0
0
0
0
371000
1005
0
0
0
0
0
0
997
0
402001
0
0
0
0
0
0
0
1020
0
409973
0
0
0
1001
0
0
0
0
0
